-17.400504,-66.130361
-17.407181,-66.142362
-17.401292,-66.150745
-17.422054,-66.150209
-17.400487,-66.145772
-17.419339,-66.142068
-17.419024,-66.151871
-17.403915,-66.132626
-17.412990,-66.135833
-17.415262,-66.142201
-17.407175,-66.142028
-17.405932,-66.127182
-17.422547,-66.142447
-17.403334,-66.139886
-17.405831,-66.149605
-17.418854,-66.154807
-17.415314,-66.152984
-17.420762,-66.134271
-17.426821,-66.153001
-17.416820,-66.144891
-17.405616,-66.140847
-17.427601,-66.149384
-17.413817,-66.135117
-17.409171,-66.141680
-17.404302,-66.132733
-17.418194,-66.135657
-17.406378,-66.142166
-17.410454,-66.150470
-17.413666,-66.147790
-17.405561,-66.150220
-17.413877,-66.142063
-17.414872,-66.129412
-17.415002,-66.133929
-17.397316,-66.128698
-17.422993,-66.141832
-17.409776,-66.129699
-17.418396,-66.138398
-17.414413,-66.154769
-17.412345,-66.130880
-17.412879,-66.126954
-17.400490,-66.139892
-17.401068,-66.131827
-17.405659,-66.127933
-17.401888,-66.146956
-17.417263,-66.139085
-17.409705,-66.147472
-17.421149,-66.139137
-17.410583,-66.127418
-17.399679,-66.145467
-17.421865,-66.151346
-17.403400,-66.140897
-17.424940,-66.145129
-17.423050,-66.140730
-17.421582,-66.146612
-17.409889,-66.150641
-17.405685,-66.133965
-17.419967,-66.152833
-17.424132,-66.146593
-17.402501,-66.126846
-17.426273,-66.152886
-17.420930,-66.153782
-17.421256,-66.132456
-17.414552,-66.136821
-17.417525,-66.152961
-17.410346,-66.145246
-17.402452,-66.130629
-17.408848,-66.127161
-17.399083,-66.138247
-17.402436,-66.126704
-17.413115,-66.151926
-17.402759,-66.135262
-17.415518,-66.149672
-17.411697,-66.129165
-17.412135,-66.149270
-17.421480,-66.133719
-17.399896,-66.129121
-17.415218,-66.147730
-17.401206,-66.147731
-17.415533,-66.139795
-17.417739,-66.145215
-17.404317,-66.148105
-17.419541,-66.154796
-17.415664,-66.141170
-17.401073,-66.125259
-17.421440,-66.139979
-17.423155,-66.145870
-17.415765,-66.138836
-17.410017,-66.140323
-17.415605,-66.130314
-17.406776,-66.145334
-17.406572,-66.141242
-17.420452,-66.154372
-17.419947,-66.145253
-17.405921,-66.140722
-17.414049,-66.138927
-17.416583,-66.150436
-17.419421,-66.141442
-17.415210,-66.134288
-17.414615,-66.148487
-17.426528,-66.149253
-17.419122,-66.148134
-17.405974,-66.152042
-17.403795,-66.131406
-17.400732,-66.133876
-17.406177,-66.146580
-17.404125,-66.128159
-17.422028,-66.138430
-17.407767,-66.140224
-17.399298,-66.139512
-17.424245,-66.151832
-17.412040,-66.139654
-17.402489,-66.149701
-17.407974,-66.130427
-17.400051,-66.139124
-17.416677,-66.150325
-17.412543,-66.132914
-17.418011,-66.153775
-17.407197,-66.144024
-17.419919,-66.143056
-17.400620,-66.128221
-17.424158,-66.151397
-17.423732,-66.146448
-17.405601,-66.135482
-17.415379,-66.144295
-17.414990,-66.149516
-17.409350,-66.151450
-17.419134,-66.146563
-17.421921,-66.146121
-17.416261,-66.155064
-17.410343,-66.152411
-17.413215,-66.135128
-17.403134,-66.146473
-17.425286,-66.145617
-17.405018,-66.149652
-17.422500,-66.144471
-17.405884,-66.129452
-17.417222,-66.133102
-17.413105,-66.149621
-17.412285,-66.137520
-17.422119,-66.148568
-17.404351,-66.132318
-17.407915,-66.131196
-17.413118,-66.149105
-17.402192,-66.128763
-17.414205,-66.138297
-17.418090,-66.147260
-17.417489,-66.139284
-17.425628,-66.150168
-17.401077,-66.137555
-17.412743,-66.134653
-17.401144,-66.137586
-17.410462,-66.132165
-17.418024,-66.151606
-17.418999,-66.150437
-17.399420,-66.130228
-17.417676,-66.139194
-17.417751,-66.141432
-17.407309,-66.132008
-17.408805,-66.132802
-17.419350,-66.136536
-17.402513,-66.124295
-17.408832,-66.150143
-17.424260,-66.147553
-17.423833,-66.144009
-17.407881,-66.126422
-17.412272,-66.134133
-17.418868,-66.148509
-17.412476,-66.137087
-17.418712,-66.145515
-17.411494,-66.153106
-17.412698,-66.147480
-17.408136,-66.134065
-17.412136,-66.150488
-17.422412,-66.140092
-17.420943,-66.148107
-17.419070,-66.131631
-17.422336,-66.138088
-17.426280,-66.145664
-17.406912,-66.127732
-17.422009,-66.145836
-17.421667,-66.141739
-17.401078,-66.124650
-17.405891,-66.140245
-17.411662,-66.132457
-17.409987,-66.136411
-17.410590,-66.128906
-17.415539,-66.127029
-17.415402,-66.145350
-17.409503,-66.150295
-17.402127,-66.144300
-17.414177,-66.154004
-17.401484,-66.129618
-17.410912,-66.152832
-17.411064,-66.149601
-17.410363,-66.139478
-17.407515,-66.125826
-17.406777,-66.139178
-17.404903,-66.122423
-17.401801,-66.127964
-17.412155,-66.149112
-17.406406,-66.142811
-17.427994,-66.149856
-17.416027,-66.132508
-17.400520,-66.148154
-17.402525,-66.132872
-17.407025,-66.146696
-17.407983,-66.142282
-17.405913,-66.140568
-17.418432,-66.154326
-17.406282,-66.151191
-17.410870,-66.140446
-17.406864,-66.145745
-17.424714,-66.148811
-17.407087,-66.127290
-17.400233,-66.140201
-17.418808,-66.153422
-17.402192,-66.150753
-17.415114,-66.149424
-17.419861,-66.146369
-17.412629,-66.133549
-17.411533,-66.128099
-17.420641,-66.141833
-17.413349,-66.153402
-17.402835,-66.143079
-17.415522,-66.135517
-17.404320,-66.136334
-17.410170,-66.144269
-17.419178,-66.133468
-17.417196,-66.148582
-17.412520,-66.130889
-17.422505,-66.150024
-17.409865,-66.145980
-17.414621,-66.133142
-17.420941,-66.140278
-17.418118,-66.148963
-17.412702,-66.129902
-17.405704,-66.142062
-17.412061,-66.149674
-17.404772,-66.146129
-17.421982,-66.132299
-17.412015,-66.129297
-17.406031,-66.124429
-17.427100,-66.148959
-17.400268,-66.149450
-17.413726,-66.133594
-17.404431,-66.131107
-17.408874,-66.143124
-17.422606,-66.151687
-17.406008,-66.132078
-17.413726,-66.140747
-17.414580,-66.150734
-17.413666,-66.144996
-17.412174,-66.144277
-17.401840,-66.146258
-17.408164,-66.135812
-17.426651,-66.146105
-17.404980,-66.144048
-17.414070,-66.136170
-17.406882,-66.136946
-17.417111,-66.133362
-17.404939,-66.139100
-17.421410,-66.133614
-17.402764,-66.134372
-17.410064,-66.150632
-17.411090,-66.133392
-17.410575,-66.148523
-17.413644,-66.154795
-17.406374,-66.151990
-17.422967,-66.142396
-17.402677,-66.133846
-17.401098,-66.132210
-17.401208,-66.128345
-17.405101,-66.134754
-17.426992,-66.148132
-17.409218,-66.150190
-17.415257,-66.134369
-17.418339,-66.151616
-17.400021,-66.127774
-17.407630,-66.131713
-17.412532,-66.135526
-17.423032,-66.151267
-17.417330,-66.149990
-17.408640,-66.141450
-17.413439,-66.144913
-17.409893,-66.144182
-17.421332,-66.153398
-17.399052,-66.129710
-17.407334,-66.132957
-17.425144,-66.147023
-17.416494,-66.131108
-17.424329,-66.147126
-17.413928,-66.155004
-17.405255,-66.139097
-17.424943,-66.149286
-17.409191,-66.140046
-17.413403,-66.133991
-17.419633,-66.142326
-17.416268,-66.136909
-17.405661,-66.131763
-17.399553,-66.130823
-17.422070,-66.136296
-17.406824,-66.128687
-17.418313,-66.137569
-17.407980,-66.150563
-17.409783,-66.137925
-17.405594,-66.145331
-17.402529,-66.125589
-17.414514,-66.145333
-17.415273,-66.146142
-17.404214,-66.143427
-17.410079,-66.126876
-17.419031,-66.135025
-17.401480,-66.124367
-17.415875,-66.130530
-17.421150,-66.154266
-17.426798,-66.146286
-17.415825,-66.136496
-17.423439,-66.132875
-17.411741,-66.147428
-17.416593,-66.142518
-17.411290,-66.130761
-17.416483,-66.137398
-17.412907,-66.138463
-17.406697,-66.142181
-17.408873,-66.136587
-17.407789,-66.126864
-17.421443,-66.148399
-17.425104,-66.148833
-17.417269,-66.150635
-17.399612,-66.143549
-17.409032,-66.129554
-17.413858,-66.143520
-17.418014,-66.144093
-17.406571,-66.148907
-17.422777,-66.153780
-17.419611,-66.146329
-17.417160,-66.130564
-17.419765,-66.139163
-17.412992,-66.138049
-17.418731,-66.145372
-17.407547,-66.140763
-17.405599,-66.147347
-17.403035,-66.133384
-17.403342,-66.145876
-17.412971,-66.151526
-17.411790,-66.144410
-17.419519,-66.153801
-17.423472,-66.147040
-17.402148,-66.146941
-17.412169,-66.151835
-17.413751,-66.149058
-17.415867,-66.143873
-17.400010,-66.144134
-17.422506,-66.152817
-17.426979,-66.147191
-17.415327,-66.136420
-17.415483,-66.143473
-17.409512,-66.146321
-17.420039,-66.139492
-17.408134,-66.128455
-17.411933,-66.130723
-17.402324,-66.133769
-17.398620,-66.126838
-17.406747,-66.131040
-17.401203,-66.144551
-17.401404,-66.123877
-17.413409,-66.134444
-17.428297,-66.149625
-17.411283,-66.152734
-17.414865,-66.144813
-17.424791,-66.147234
-17.411589,-66.146614
-17.401975,-66.130663
-17.418331,-66.133245
-17.400824,-66.144106
-17.423714,-66.146419
-17.424226,-66.153009
-17.415203,-66.136653
-17.411871,-66.140720
-17.415206,-66.133188
-17.411867,-66.145472
-17.402187,-66.140451
-17.409266,-66.137775
-17.425031,-66.146491
-17.418072,-66.133830
-17.416910,-66.146706
-17.406034,-66.123994
-17.402553,-66.123287
-17.402399,-66.136983
-17.410152,-66.147615
-17.406769,-66.127764
-17.404775,-66.149596
-17.412658,-66.150772
-17.426372,-66.146211
-17.403784,-66.125244
-17.421938,-66.139218
-17.412587,-66.134499
-17.401687,-66.147611
-17.411998,-66.143688
-17.419250,-66.132787
-17.415832,-66.141729
-17.408033,-66.129762
-17.425059,-66.145829
-17.423880,-66.149673
-17.411125,-66.145042
-17.400500,-66.150065
-17.424139,-66.148516
-17.408240,-66.146779
-17.417939,-66.139859
-17.411084,-66.129942
-17.417014,-66.131908
-17.413735,-66.141590
-17.426381,-66.146962
-17.419255,-66.151941
-17.416171,-66.146967
-17.402210,-66.142148
-17.405309,-66.134796
-17.420290,-66.148783
-17.419593,-66.135718
-17.410223,-66.152345
-17.411087,-66.147847
-17.409818,-66.140943
-17.415470,-66.135245
-17.419547,-66.146577
-17.427214,-66.147517
-17.416152,-66.151950
-17.400302,-66.144207
-17.406485,-66.133730
-17.419534,-66.137520
-17.415738,-66.142366
-17.399636,-66.140919
-17.397433,-66.126927
-17.419236,-66.134314
-17.399553,-66.142622
-17.421204,-66.153983
-17.422724,-66.151161
-17.426201,-66.152907
-17.407558,-66.145836
-17.413326,-66.137456
-17.411949,-66.139353
-17.413668,-66.140598
-17.404813,-66.134589
-17.401664,-66.132216
-17.409929,-66.128203
-17.417386,-66.131247
-17.422446,-66.134071
-17.400386,-66.131263
-17.428276,-66.148774
-17.427579,-66.149403
-17.402477,-66.136720
-17.410975,-66.147995
-17.411021,-66.144561
-17.405366,-66.136722
-17.410225,-66.133270
-17.407193,-66.130482
-17.418751,-66.136765
-17.417634,-66.135931
-17.409007,-66.130588
-17.401319,-66.139540
-17.402572,-66.140935
-17.415102,-66.127560
-17.423790,-66.151051
-17.412261,-66.130131
-17.409857,-66.152762
-17.403842,-66.148980
-17.400659,-66.125388
-17.421576,-66.140066
-17.405124,-66.126534
-17.417192,-66.145533
-17.399654,-66.130739
-17.412771,-66.132990
-17.423754,-66.144445
-17.414885,-66.153706
-17.416226,-66.148099
-17.410934,-66.142225
-17.403511,-66.124452
-17.422809,-66.131508
-17.406074,-66.136180
-17.420153,-66.146607
-17.406626,-66.148765
-17.427219,-66.146801
-17.408347,-66.134669
-17.414351,-66.141733
-17.411892,-66.139294
-17.418452,-66.136913
-17.421766,-66.149067
-17.410592,-66.132379
-17.404887,-66.140430
-17.409882,-66.145809
-17.415673,-66.153768
-17.413367,-66.129424
-17.404081,-66.133148
-17.425370,-66.144809
-17.418128,-66.136691
-17.416308,-66.136019
-17.422561,-66.143977
-17.410923,-66.140474
-17.420654,-66.146833
-17.406962,-66.130908
-17.399781,-66.136223
-17.415547,-66.147844
-17.414933,-66.152654
-17.412951,-66.139440
-17.412873,-66.145899
-17.415694,-66.136514
-17.418647,-66.134924
-17.418380,-66.144964
-17.407246,-66.142751
-17.420818,-66.133068
-17.409814,-66.150861
-17.425894,-66.153389
-17.400810,-66.143034
-17.409222,-66.147955
-17.423547,-66.133942
-17.409038,-66.145250
-17.406199,-66.139681
-17.411773,-66.142565
-17.406388,-66.143051
-17.424162,-66.148670
-17.415989,-66.150550
-17.421350,-66.148946
-17.406124,-66.128773
-17.416785,-66.154733
-17.412327,-66.148856
-17.401595,-66.134158
-17.418319,-66.135029
-17.427312,-66.146639
-17.402703,-66.124027
-17.406744,-66.150446
-17.415496,-66.142055
-17.399068,-66.138891
-17.421593,-66.143898
-17.414929,-66.137879
-17.415214,-66.131473
-17.406296,-66.147703
-17.410726,-66.133907
-17.410975,-66.148152
-17.399927,-66.127141
-17.421894,-66.136403
-17.399952,-66.143012
-17.424998,-66.144033
-17.404292,-66.137993
-17.420422,-66.154338
-17.421241,-66.154664
-17.412935,-66.146856
-17.416369,-66.153454
-17.427240,-66.147009
-17.418838,-66.135191
-17.423122,-66.134769
-17.427240,-66.149184
-17.418953,-66.141808
-17.425570,-66.148666
-17.418447,-66.144014
-17.418185,-66.129549
-17.408840,-66.151263
-17.400584,-66.132542
-17.427251,-66.150585
-17.413040,-66.134822
-17.411144,-66.146251
-17.414292,-66.128969
-17.405471,-66.145524
-17.425414,-66.145659
-17.415091,-66.152960
-17.418400,-66.130746
-17.420722,-66.147521
-17.408918,-66.129595
-17.405991,-66.133041
-17.422417,-66.149548
-17.426519,-66.148149
-17.403385,-66.146950
-17.415966,-66.143024
-17.400021,-66.128827
-17.420806,-66.143578
-17.414905,-66.134760
-17.404311,-66.138433
-17.410974,-66.146876
-17.403930,-66.131916
-17.402595,-66.139092
-17.408610,-66.149187
-17.406147,-66.143961
-17.422060,-66.133383
-17.412321,-66.137110
-17.403107,-66.126721
-17.422475,-66.149332
-17.407006,-66.136675
-17.419591,-66.153177
-17.406267,-66.139191
-17.404883,-66.140569
-17.416210,-66.127340
-17.404659,-66.123517
-17.407678,-66.147578
-17.421127,-66.152874
-17.402929,-66.139505
-17.415039,-66.138134
-17.412353,-66.152025
-17.409490,-66.146585
-17.426815,-66.148924
-17.420732,-66.150886
-17.425258,-66.150391
-17.408914,-66.146572
-17.424622,-66.150786
-17.426593,-66.146001
-17.416714,-66.130852
-17.426734,-66.151246
-17.417547,-66.152218
-17.422148,-66.146267
-17.422764,-66.150936
-17.403243,-66.144261
-17.406878,-66.132571
-17.411990,-66.138333
-17.422530,-66.138618
-17.406189,-66.131036
-17.413922,-66.150995
-17.415821,-66.138537
-17.407074,-66.148045
-17.405674,-66.145477
-17.412729,-66.153226
-17.417769,-66.132829
-17.423551,-66.132551
-17.405455,-66.122048
-17.400641,-66.137614
-17.405141,-66.135708
-17.423503,-66.144402
-17.423133,-66.134690
-17.413860,-66.148914
-17.425676,-66.144590
-17.405911,-66.140887
-17.412479,-66.136702
-17.412548,-66.142169
-17.420983,-66.135636
-17.421876,-66.150300
-17.424010,-66.153709
-17.408541,-66.136280
-17.415719,-66.138107
-17.408628,-66.152900
-17.401602,-66.133583
-17.409679,-66.141055
-17.412753,-66.149073
-17.398163,-66.127459
-17.415422,-66.135384
-17.406442,-66.128608
-17.418363,-66.134912
-17.414601,-66.127372
-17.422576,-66.134307
-17.423969,-66.147934
-17.405876,-66.142805
-17.404324,-66.142111
-17.410605,-66.139852
-17.420065,-66.133208
-17.417089,-66.149348
-17.412806,-66.150922
-17.401051,-66.139568
-17.406232,-66.138238
-17.413398,-66.151014
-17.420769,-66.141411
-17.416707,-66.150305
-17.408672,-66.143415
-17.413360,-66.141846
-17.411514,-66.131244
-17.424320,-66.149259
-17.421250,-66.149943
-17.405143,-66.122389
-17.411274,-66.127303
-17.402941,-66.129370
-17.413945,-66.147429
-17.408243,-66.136668
-17.404653,-66.136679
-17.414317,-66.146363
-17.418788,-66.135788
-17.416345,-66.130028
-17.410709,-66.151004
-17.408707,-66.129165
-17.403417,-66.145383
-17.418637,-66.132825
-17.403590,-66.139687
-17.414162,-66.150418
-17.414782,-66.140065
-17.417357,-66.132442
-17.422406,-66.145831
-17.400255,-66.131357
-17.402656,-66.142219
-17.413561,-66.139832
-17.400540,-66.127451
-17.414250,-66.145725
-17.411311,-66.133822
-17.398187,-66.127361
-17.406993,-66.142207
-17.410652,-66.136041
-17.416975,-66.142795
-17.421855,-66.148029
-17.418557,-66.152071
-17.410215,-66.137462
-17.406153,-66.152761
-17.414865,-66.145982
-17.406203,-66.136481
-17.410065,-66.130722
-17.408994,-66.145496
-17.404272,-66.144341
-17.425850,-66.149446
-17.400339,-66.132986
-17.420978,-66.133901
-17.419347,-66.133850
-17.403432,-66.145282
-17.418668,-66.146943
-17.413629,-66.137728
-17.405995,-66.123294
-17.417564,-66.145592
-17.400967,-66.132450
-17.421943,-66.147910
-17.409691,-66.131296
-17.419628,-66.140033
-17.418187,-66.130836
-17.408485,-66.136532
-17.405492,-66.137739
-17.400250,-66.139545
-17.412281,-66.137709
-17.400429,-66.132046
-17.424014,-66.148259
-17.399358,-66.140667
-17.425452,-66.150962
-17.415373,-66.127421
-17.419890,-66.151544
-17.406753,-66.124686
-17.422639,-66.133173
-17.417624,-66.150352
-17.403312,-66.138149
-17.409610,-66.145038
-17.405976,-66.138822
-17.412423,-66.146805
-17.407085,-66.128119
-17.418922,-66.133292
-17.402176,-66.123807
-17.407135,-66.147633
-17.398085,-66.134795
-17.418132,-66.135812
-17.410942,-66.140053
-17.399008,-66.129048
-17.407103,-66.147187
-17.404255,-66.140685
-17.406306,-66.146426
-17.404650,-66.133534
-17.402320,-66.125744
-17.421380,-66.140833
-17.424032,-66.148183
-17.409039,-66.146721
-17.404579,-66.140435
-17.409449,-66.145349
-17.414027,-66.135698
-17.418701,-66.139062
-17.407416,-66.135873
-17.416949,-66.140295
-17.417891,-66.154482
-17.403508,-66.138837
-17.406395,-66.148695
-17.420103,-66.135023
-17.411876,-66.132011
-17.417057,-66.136812
-17.407963,-66.144801
-17.422621,-66.136449
-17.408558,-66.151619
-17.412163,-66.128982
-17.421277,-66.153194
-17.425357,-66.147271
-17.422627,-66.147078
-17.402824,-66.134243
-17.420291,-66.145067
-17.420187,-66.150493
-17.415714,-66.126241
-17.422525,-66.154514
-17.400160,-66.132914
-17.426414,-66.147126
-17.412981,-66.145600
-17.401659,-66.145614
-17.407736,-66.132266
-17.407153,-66.125756
-17.417298,-66.140360
-17.403900,-66.140501
-17.407215,-66.147596
-17.415321,-66.153267
-17.407269,-66.143683
-17.421167,-66.148085
-17.411620,-66.136859
-17.413918,-66.132540
-17.401432,-66.135215
-17.413827,-66.149066
-17.419334,-66.139771
-17.400712,-66.147468
-17.401738,-66.145624
-17.423123,-66.152295
-17.423137,-66.152105
-17.399355,-66.140439
-17.409684,-66.145024
-17.413760,-66.143235
-17.409207,-66.127471
-17.419751,-66.139707
-17.421300,-66.149760
-17.409447,-66.128354
-17.404467,-66.137853
-17.408331,-66.149757
-17.408716,-66.129914
-17.404074,-66.127834
-17.416306,-66.144326
-17.421496,-66.142568
-17.400443,-66.135877
-17.411705,-66.150609
-17.400991,-66.127117
-17.422127,-66.147692
-17.404196,-66.123928
-17.422327,-66.142868
-17.407317,-66.142614
-17.408466,-66.137854
-17.417343,-66.142116
-17.409519,-66.132814
-17.421075,-66.131341
-17.406225,-66.134288
-17.400846,-66.129406
-17.427590,-66.152238
-17.411405,-66.149795
-17.406166,-66.135960
-17.420230,-66.132496
-17.422680,-66.141737
-17.398181,-66.126836
-17.405753,-66.141578
-17.406349,-66.148508
-17.419204,-66.150427
-17.417018,-66.131891
-17.409978,-66.143524
-17.409702,-66.128906
-17.416021,-66.126694
-17.401334,-66.126598
-17.405310,-66.138508
-17.418086,-66.154796
-17.421519,-66.146168
-17.402969,-66.138892
-17.403673,-66.135128
-17.406786,-66.148935
-17.414818,-66.152978
-17.409545,-66.133965
-17.398355,-66.136395
-17.418820,-66.149095
-17.413896,-66.130619
-17.415462,-66.147430
-17.402846,-66.124409
-17.403534,-66.132612
-17.411576,-66.131882
-17.419930,-66.152653
-17.411881,-66.139318
-17.407920,-66.144809
-17.410849,-66.150435
-17.401972,-66.131000
-17.401038,-66.136269
-17.423938,-66.145597
-17.403908,-66.124203
-17.422376,-66.146679
-17.410788,-66.150974
-17.404558,-66.147971
-17.399388,-66.125735
-17.415266,-66.142798
-17.409854,-66.140385
-17.423325,-66.153665
-17.404005,-66.140588
-17.415084,-66.139222
-17.416228,-66.136405
-17.413641,-66.141602
-17.405975,-66.139362
-17.421113,-66.148004
-17.414894,-66.146441
-17.401028,-66.127009
-17.424906,-66.148672
-17.414853,-66.133577
-17.397930,-66.127364
-17.411552,-66.140463
-17.409583,-66.150599
-17.424618,-66.150446
-17.418160,-66.143562
-17.413920,-66.152325
-17.399480,-66.143424
-17.421531,-66.143527
-17.400953,-66.142053
-17.407429,-66.137566
-17.414203,-66.152724
-17.411813,-66.149439
-17.420430,-66.146990
-17.407282,-66.125822
-17.410920,-66.134131
-17.411334,-66.148178
-17.407230,-66.140506
-17.409884,-66.151965
-17.410167,-66.145755
-17.427543,-66.150332
-17.419073,-66.150506
-17.416701,-66.134269
-17.414498,-66.127812
-17.407132,-66.137325
-17.422921,-66.145305
-17.411677,-66.145810
-17.400046,-66.137791
-17.407544,-66.131889
-17.417579,-66.147980
-17.424110,-66.145034
-17.405102,-66.133654
-17.401489,-66.143068
-17.403138,-66.141149
-17.401709,-66.138902
-17.414576,-66.150451
-17.413845,-66.144341
-17.413536,-66.151932
-17.411718,-66.136673
-17.400484,-66.137912
-17.420389,-66.151519
-17.411355,-66.144282
-17.411391,-66.135382
-17.412482,-66.153885
-17.413549,-66.153056
-17.405679,-66.147209
-17.413301,-66.149798
-17.410835,-66.146315
-17.417979,-66.138129
-17.417039,-66.144066
-17.413324,-66.137288
-17.406634,-66.134986
-17.416418,-66.149443
-17.407851,-66.135621
-17.408277,-66.152173
-17.417572,-66.139230
-17.423003,-66.136826
-17.402927,-66.149585
-17.406636,-66.152195
-17.409533,-66.143682
-17.406171,-66.149862
-17.406085,-66.144846
-17.416151,-66.147855
-17.400116,-66.138773
-17.404178,-66.124097
-17.406293,-66.139905
-17.421939,-66.138682
-17.416479,-66.144727
-17.425846,-66.150272
-17.398095,-66.126468
-17.418562,-66.145763
-17.416723,-66.140331
-17.399901,-66.130765
-17.406055,-66.145994
-17.422884,-66.154476
-17.399747,-66.128831
-17.420384,-66.148916
-17.412089,-66.138145
-17.410187,-66.137488
-17.415499,-66.126295
-17.399987,-66.147728
-17.406103,-66.138919
-17.421040,-66.141935
-17.410559,-66.128289
-17.414535,-66.146955
-17.424752,-66.148875
-17.404242,-66.129046
-17.418218,-66.150353
-17.415319,-66.137276
-17.406466,-66.127268
-17.406420,-66.134384
-17.400151,-66.148947
-17.402597,-66.143544
-17.408033,-66.134006
-17.408903,-66.137223
-17.401524,-66.142247
-17.415646,-66.136175
-17.410411,-66.141111
-17.412176,-66.149570
-17.414413,-66.127562
-17.419685,-66.149634
-17.413603,-66.147195
-17.409179,-66.138340
-17.414937,-66.146064
-17.421462,-66.131696
-17.406183,-66.127754
-17.401489,-66.148316
-17.421865,-66.137780
-17.418749,-66.143476
-17.425154,-66.151171
-17.404870,-66.127910
-17.426869,-66.145837
-17.413166,-66.144946
-17.424883,-66.147218
-17.405024,-66.138212
-17.417512,-66.138577
-17.403821,-66.130727
-17.424623,-66.145074
-17.417317,-66.147276
-17.422494,-66.144655
-17.411743,-66.146073
-17.413511,-66.136529
-17.407708,-66.143048
-17.418165,-66.144404
-17.414311,-66.136492
-17.404398,-66.132965
-17.402759,-66.136955
-17.400601,-66.124574
-17.400516,-66.141466
-17.411720,-66.134399
-17.407310,-66.152333
-17.406042,-66.148972
-17.420290,-66.138055
-17.420183,-66.143309
-17.408473,-66.147655
-17.421228,-66.154180
-17.404730,-66.133806
-17.424018,-66.142032
-17.402859,-66.126603
-17.413928,-66.148793
-17.410299,-66.147833
-17.419120,-66.152910
-17.415493,-66.133537
-17.424849,-66.151217
-17.415264,-66.127844
-17.409495,-66.132764
-17.402227,-66.148843
-17.399712,-66.127187
-17.412784,-66.130076
-17.416938,-66.150650
-17.405279,-66.138407
-17.402692,-66.124915
-17.419610,-66.131736
-17.413122,-66.149075
-17.427084,-66.149727
-17.414598,-66.154669
-17.402505,-66.126094
-17.423509,-66.154378
-17.407257,-66.136620
-17.405221,-66.130488
-17.417944,-66.150199
-17.402777,-66.129820
-17.407571,-66.131529
-17.418651,-66.135498
-17.400669,-66.144919
-17.412600,-66.152244
-17.400855,-66.131063
-17.416917,-66.153438
-17.398354,-66.134975
-17.409942,-66.152081
-17.413627,-66.130538
-17.427266,-66.149912
-17.418679,-66.132446
-17.405774,-66.129466
-17.408280,-66.137750
-17.411282,-66.135193
-17.418845,-66.134899
-17.409513,-66.136115
-17.405048,-66.136060
-17.420815,-66.152133
-17.409354,-66.134857
-17.424787,-66.153676
-17.418638,-66.155084
-17.425301,-66.151541
-17.407499,-66.143158
-17.416384,-66.138906
-17.422049,-66.142236
-17.415311,-66.141820
-17.410567,-66.146934
-17.409892,-66.137671
-17.410791,-66.151784
-17.416324,-66.150781
-17.424551,-66.142414
-17.413228,-66.136372
-17.412964,-66.128235
-17.417178,-66.137674
-17.408971,-66.143005
-17.415743,-66.138791
-17.399878,-66.135188
-17.416505,-66.129419
-17.403362,-66.137301
-17.408694,-66.144816
-17.421344,-66.152351
-17.420491,-66.143178
-17.405407,-66.139273
-17.414344,-66.145726
-17.401713,-66.140011
-17.397276,-66.127870
-17.398856,-66.136456
-17.420505,-66.133901
-17.417618,-66.132065
-17.404143,-66.130713
-17.399990,-66.141843
-17.421881,-66.150809
-17.422263,-66.151403
-17.421522,-66.148076
-17.403535,-66.150395
-17.423230,-66.132656
-17.400087,-66.149279
-17.414608,-66.133364
-17.400430,-66.143308
-17.426551,-66.148838
-17.419308,-66.133425
-17.418608,-66.145436
-17.404233,-66.126514
-17.406863,-66.140965
-17.404817,-66.123559
-17.411588,-66.126527
-17.401205,-66.144083
-17.412068,-66.147656
-17.405370,-66.141527
-17.414981,-66.148962
-17.405721,-66.147430
-17.417303,-66.139708
-17.410939,-66.148682
-17.409212,-66.128444
-17.401240,-66.149877
-17.416410,-66.126760
-17.408507,-66.136273
-17.425788,-66.144955
-17.425936,-66.151152
-17.417057,-66.150437
-17.401279,-66.128576
-17.421837,-66.153567
-17.414292,-66.148652
-17.401220,-66.134412
-17.422612,-66.149843
-17.413801,-66.149128
-17.419168,-66.153564
-17.425459,-66.148429
-17.400383,-66.136033
-17.400465,-66.130964
-17.413740,-66.144794
-17.399705,-66.131326
-17.421623,-66.131992
-17.402756,-66.131796
-17.413862,-66.132516
-17.420764,-66.137142
-17.419270,-66.147155
-17.409035,-66.140680
-17.415382,-66.145475
-17.405426,-66.145512
-17.409223,-66.128784
-17.414963,-66.152815
-17.406367,-66.150440
-17.406237,-66.150948
-17.421669,-66.150969
-17.410519,-66.136737
-17.406696,-66.141353
-17.403848,-66.128815
-17.412272,-66.143909
-17.412527,-66.130711
-17.414458,-66.126357
-17.408675,-66.137961
-17.419046,-66.149428
-17.420522,-66.148753
-17.403971,-66.141199
-17.427106,-66.150240
-17.410714,-66.149948
-17.411627,-66.133351
-17.399953,-66.138080
-17.409009,-66.127544
-17.412482,-66.133342
-17.409351,-66.136043
-17.416807,-66.136634
-17.414995,-66.141318
-17.401742,-66.126447
-17.425150,-66.147381
-17.411768,-66.138447
-17.408235,-66.151273
-17.416480,-66.143111
-17.420569,-66.141694
-17.418080,-66.135399
-17.404472,-66.129225
-17.410389,-66.136661
-17.407477,-66.131193
-17.425271,-66.148453
-17.417768,-66.150327
-17.414938,-66.148539
-17.421986,-66.144292
-17.415177,-66.143913
-17.420604,-66.132886
-17.408029,-66.135589
-17.415718,-66.133161
-17.403178,-66.149009
-17.420775,-66.153825
-17.419288,-66.143707
-17.423199,-66.148207
-17.403802,-66.148878
-17.402659,-66.144502
-17.404411,-66.129283
-17.424078,-66.142005
-17.401527,-66.129077
-17.425020,-66.143540
-17.404853,-66.124664
-17.422336,-66.135486
-17.420885,-66.137555
-17.409384,-66.151458
-17.405610,-66.151689
-17.422771,-66.153913
-17.414114,-66.147130
-17.404712,-66.147298
-17.403944,-66.147408
-17.404809,-66.149049
-17.410589,-66.139434
-17.413932,-66.136225
-17.413351,-66.133582
-17.408696,-66.147802
-17.403798,-66.125066
-17.416193,-66.153349
-17.401778,-66.133105
-17.413133,-66.146653
-17.404661,-66.148189
-17.404792,-66.143516
-17.409519,-66.132163
-17.403680,-66.125738
-17.415536,-66.148556
-17.403723,-66.126586
-17.402958,-66.130230
-17.418959,-66.139858
-17.410845,-66.146544
-17.404170,-66.123346
-17.410677,-66.128293
-17.417801,-66.139676
-17.409979,-66.145071
-17.414767,-66.131265
-17.422001,-66.141591
-17.412253,-66.140698
-17.406946,-66.151710
-17.413374,-66.130064
-17.417659,-66.135452
-17.411157,-66.150514
-17.415710,-66.138195
-17.408133,-66.146743
-17.412539,-66.149422
-17.410268,-66.140923
-17.400574,-66.129118
-17.404726,-66.145011
-17.416955,-66.151154
-17.421809,-66.143130
-17.402898,-66.125609
-17.401658,-66.125670
-17.426737,-66.147791
-17.406722,-66.129670
-17.425629,-66.147172
-17.420482,-66.148249
-17.422593,-66.144078
-17.407260,-66.138422
-17.401151,-66.125578
-17.416639,-66.144177
-17.408854,-66.128417
-17.403972,-66.142052
-17.400900,-66.147252
-17.408090,-66.134522
-17.407442,-66.126447
-17.411360,-66.151108
-17.411770,-66.142780
-17.417424,-66.129417
-17.418168,-66.146273
-17.403600,-66.142387
-17.420191,-66.143635
-17.422508,-66.133419
-17.418614,-66.150136
-17.403209,-66.148217
-17.399781,-66.136875
-17.410911,-66.144719
-17.400991,-66.135486
-17.404294,-66.147031
-17.414629,-66.130371
-17.426425,-66.146242
-17.416087,-66.128269
-17.404655,-66.139227
-17.397882,-66.129085
-17.400605,-66.132803
-17.420147,-66.149611
-17.415823,-66.130457
-17.406763,-66.140997
-17.417142,-66.148631
-17.408932,-66.150150
-17.412308,-66.139875
-17.407718,-66.138343
-17.405148,-66.133599
-17.423679,-66.148721
-17.427283,-66.149740
-17.401899,-66.136176
-17.421518,-66.141222
-17.404803,-66.138907
-17.422111,-66.133569
-17.413629,-66.127628
-17.421885,-66.146696
-17.408354,-66.136095
-17.428069,-66.150696
-17.406956,-66.152664
-17.413845,-66.154680
-17.409514,-66.130015
-17.410047,-66.149070
-17.405681,-66.143018
-17.410762,-66.131768
-17.410730,-66.132458
-17.419752,-66.138579
-17.410909,-66.143227
-17.424377,-66.144761
-17.423032,-66.153585
-17.415267,-66.138006
-17.419698,-66.143304
-17.426589,-66.145982
-17.412830,-66.140215
-17.409181,-66.139144
-17.422551,-66.144368
-17.420022,-66.153592
-17.407733,-66.147072
-17.408965,-66.144979
-17.419676,-66.132665
-17.400229,-66.145208
-17.417097,-66.128899
-17.414162,-66.148470
-17.414832,-66.141424
-17.416142,-66.148066
-17.408987,-66.150260
-17.406674,-66.149439
-17.427746,-66.149394
-17.399585,-66.143245
-17.405594,-66.136854
-17.417972,-66.133834
-17.406403,-66.143163
-17.415014,-66.134682
-17.424380,-66.143274
-17.399640,-66.134833
-17.413008,-66.131368
-17.409867,-66.127653
-17.412768,-66.134026
-17.411417,-66.134336
-17.405670,-66.152586
-17.413580,-66.138296
-17.402159,-66.149325
-17.401553,-66.149210
-17.406817,-66.127879
-17.414357,-66.128650
-17.400573,-66.145212
-17.407850,-66.144941
-17.426759,-66.150217
-17.400099,-66.140356
-17.409109,-66.150580
-17.423382,-66.152293
-17.420253,-66.131466
-17.401050,-66.127688
-17.406732,-66.141360
-17.406106,-66.127485
-17.413357,-66.144209
-17.400884,-66.130740
-17.407140,-66.149191
-17.407974,-66.139835
-17.416536,-66.130336
-17.411947,-66.135643
-17.404706,-66.139921
-17.412955,-66.142429
-17.400563,-66.148003
-17.416934,-66.146906
-17.402718,-66.131064
-17.409988,-66.128258
-17.419307,-66.135675
-17.416750,-66.131015
-17.416877,-66.149419
-17.409355,-66.133076
-17.407348,-66.144840
-17.398522,-66.127408
-17.412916,-66.148655
-17.425779,-66.144305
-17.420656,-66.131295
-17.412312,-66.136268
-17.411293,-66.149209
-17.416259,-66.141333
-17.406596,-66.146681
-17.403750,-66.135664
-17.398839,-66.130458
-17.426814,-66.149140
-17.419050,-66.143117
-17.403430,-66.139108
-17.403690,-66.149064
-17.420364,-66.142687
-17.416345,-66.137152
-17.410202,-66.140299
-17.413086,-66.149926
-17.426840,-66.147182
-17.409271,-66.134018
-17.408056,-66.134265
-17.403051,-66.126112
-17.404493,-66.146476
-17.420120,-66.142011
-17.415749,-66.151280
-17.404808,-66.136342
-17.399163,-66.128376
-17.417250,-66.141486
-17.422006,-66.151418
-17.421298,-66.154343
-17.400612,-66.147353
-17.420759,-66.150228
-17.415146,-66.150981
-17.415393,-66.153914
-17.399554,-66.144664
-17.418648,-66.141419
-17.404899,-66.149396
-17.414411,-66.126498
-17.404884,-66.144985
-17.421939,-66.150748
-17.424461,-66.151722
-17.403583,-66.147321
-17.405248,-66.140431
-17.414331,-66.130039
-17.398660,-66.135016
-17.404506,-66.123126
-17.421115,-66.149709
-17.418642,-66.133363
-17.418754,-66.151718
-17.427490,-66.147264
-17.427349,-66.148832
-17.414321,-66.149983
-17.405304,-66.128827
-17.413511,-66.141081
-17.400379,-66.141173
-17.415699,-66.129746
-17.411846,-66.137588
-17.417241,-66.139907
-17.417821,-66.135477
-17.403568,-66.127953
-17.425933,-66.151213
-17.406628,-66.140636
-17.425029,-66.146225
-17.410625,-66.143184
-17.403987,-66.126080
-17.405925,-66.138997
-17.411209,-66.137414
-17.413315,-66.127192
-17.400310,-66.144669
-17.408070,-66.127009
-17.413041,-66.142897
-17.413368,-66.128883
-17.424849,-66.152177
-17.407316,-66.134233
-17.423134,-66.136931
-17.411071,-66.133493
-17.411960,-66.129143
-17.422321,-66.145821
-17.419172,-66.142300
-17.415902,-66.153399
-17.414039,-66.152403
-17.403076,-66.149504
-17.412836,-66.126483
-17.400282,-66.141085
-17.413784,-66.152929
-17.412741,-66.135628
-17.411209,-66.140381
-17.416627,-66.154074
-17.405462,-66.136048
-17.423003,-66.132926
-17.415986,-66.137973
-17.415256,-66.130280
-17.401299,-66.142184
-17.415547,-66.129828
-17.411149,-66.130646
-17.422535,-66.131995
-17.402844,-66.131066
-17.401965,-66.131335
-17.416513,-66.142107
-17.402328,-66.127626
-17.404902,-66.149767
-17.402828,-66.133491
-17.399331,-66.140849
-17.402268,-66.138680
-17.413853,-66.149236
-17.405658,-66.126195
-17.423325,-66.135110
-17.407007,-66.145284
-17.427468,-66.147913
-17.417602,-66.132246
-17.417664,-66.133429
-17.423395,-66.148856
-17.414150,-66.126826
-17.406847,-66.131395
-17.412226,-66.147072
-17.400310,-66.139081
-17.410582,-66.149721
-17.403831,-66.129854
-17.419907,-66.154246
-17.411410,-66.141314
-17.413214,-66.153174
-17.416266,-66.150286
-17.401129,-66.129533
-17.418026,-66.144593
-17.416365,-66.144677
-17.406189,-66.148983
-17.405968,-66.136705
-17.408346,-66.144361
-17.405708,-66.152119
-17.412147,-66.147014
-17.405517,-66.144389
-17.418233,-66.151833
-17.399012,-66.136762
-17.413576,-66.146462
-17.403287,-66.127955
-17.420131,-66.139779
-17.405573,-66.149311
-17.409486,-66.148329
-17.425750,-66.150961
-17.404453,-66.145622
-17.408664,-66.127233
-17.414327,-66.153870
-17.422677,-66.143222
-17.415072,-66.138881
-17.407113,-66.148985
-17.424576,-66.149863
-17.400583,-66.139348
-17.422425,-66.151269
-17.415286,-66.131277
-17.417742,-66.146176
-17.410835,-66.127693
-17.401641,-66.138724
-17.420272,-66.151162
-17.411512,-66.146767
-17.410580,-66.142085
-17.405469,-66.126953
-17.416514,-66.145443
-17.409618,-66.148327
-17.408321,-66.126858
-17.419664,-66.142462
-17.412422,-66.146180
-17.402195,-66.144804
-17.399672,-66.125504
-17.415626,-66.152950
-17.401088,-66.130513
-17.419043,-66.148278
-17.404149,-66.131025
-17.413342,-66.140388
-17.405771,-66.130671
-17.407278,-66.148720
-17.408604,-66.150841
-17.402505,-66.146567
-17.424962,-66.144962
-17.409111,-66.137001
-17.418437,-66.138500
-17.400943,-66.132126
-17.415105,-66.150171
-17.421432,-66.132672
-17.414810,-66.146023
-17.406278,-66.127808
-17.417830,-66.149059
-17.399837,-66.126634
-17.411891,-66.133383
-17.408950,-66.149008
-17.409651,-66.134932
-17.420855,-66.140007
-17.422036,-66.131414
-17.418408,-66.148847
-17.422761,-66.150893
-17.426629,-66.147959
-17.412708,-66.147389
-17.420425,-66.153614
-17.424177,-66.143459
-17.413114,-66.131351
-17.421866,-66.141145
-17.414386,-66.149023
-17.406201,-66.135152
-17.419570,-66.131699
-17.413070,-66.145627
-17.425006,-66.146009
-17.414135,-66.135416
-17.411583,-66.144652
-17.406318,-66.127991
-17.421267,-66.136948
-17.409709,-66.152743
-17.415550,-66.147339
-17.407781,-66.147461
-17.411568,-66.132980
-17.404829,-66.137189
-17.412513,-66.143720
-17.415005,-66.136663
-17.413208,-66.131090
-17.422025,-66.146814
-17.420044,-66.144585
-17.424445,-66.146281
-17.403567,-66.138683
-17.420652,-66.149302
-17.415747,-66.139941
-17.423052,-66.150952
-17.417501,-66.148201
-17.411712,-66.151434
-17.399486,-66.131155
-17.406372,-66.136725
-17.417775,-66.150010
-17.412195,-66.142892
-17.423320,-66.151621
-17.420488,-66.149235
-17.413639,-66.149432
-17.409387,-66.141226
-17.411432,-66.151921
-17.408766,-66.143425
-17.407804,-66.141180
-17.414371,-66.150963
-17.418060,-66.142899
-17.413039,-66.150485
-17.410551,-66.134387
-17.412036,-66.136063
-17.411399,-66.141907
-17.421600,-66.151339
-17.421946,-66.146127
-17.406034,-66.141048
-17.408634,-66.131472
-17.403731,-66.142077
-17.412823,-66.145203
-17.401024,-66.140761
-17.420682,-66.148906
-17.409984,-66.140248
-17.397962,-66.129269
-17.425448,-66.148003
-17.420511,-66.139842
-17.406572,-66.148066
-17.426055,-66.152500
-17.402488,-66.127968
-17.409611,-66.144375
-17.428686,-66.150974
-17.415574,-66.129025
-17.409476,-66.150642
-17.417219,-66.150546
-17.415992,-66.152139
-17.422542,-66.138620
-17.405570,-66.125539
-17.422877,-66.132745
-17.403664,-66.129903
-17.416992,-66.127702
-17.409572,-66.141005
-17.425243,-66.144122
-17.402544,-66.131498
-17.405224,-66.124887
-17.408622,-66.138819
-17.411419,-66.141358
-17.405313,-66.138396
-17.416452,-66.149759
-17.409222,-66.150457
-17.413408,-66.139422
-17.405161,-66.142288
-17.410756,-66.135113
-17.426984,-66.151266
-17.403549,-66.132644
-17.421115,-66.139818
-17.415217,-66.130895
-17.408443,-66.140446
-17.416678,-66.136407
-17.406476,-66.139283
-17.409672,-66.139214
-17.406305,-66.151039
-17.404976,-66.131070
-17.407709,-66.152779
-17.406577,-66.152214
-17.420368,-66.138206
-17.415351,-66.154795
-17.409258,-66.146009
-17.406683,-66.136846
-17.406387,-66.149097
-17.405490,-66.140103
-17.404501,-66.137597
-17.412474,-66.143045
-17.399702,-66.146210
-17.407357,-66.143359
-17.414727,-66.154661
-17.409867,-66.144683
-17.406525,-66.129073
-17.398827,-66.128295
-17.419078,-66.153890
-17.398608,-66.128486
-17.401560,-66.150387
-17.408881,-66.146034
-17.418320,-66.130322
-17.409880,-66.147550
-17.405373,-66.141707
-17.413141,-66.134435
-17.414874,-66.138784
-17.412627,-66.153214
-17.409558,-66.130164
-17.414286,-66.140426
-17.419247,-66.144025
-17.410928,-66.131156
-17.403061,-66.135639
-17.412722,-66.153369
-17.414666,-66.135442
-17.404222,-66.132885
-17.415922,-66.133026
-17.411855,-66.133184
-17.414040,-66.150251
-17.404959,-66.128991
-17.405828,-66.150182
-17.417910,-66.148326
-17.420331,-66.135567
-17.408297,-66.132827
-17.406617,-66.124951
-17.411102,-66.148877
-17.416827,-66.139926
-17.413769,-66.131646
-17.421069,-66.145216
-17.400941,-66.147038
-17.401128,-66.127029
-17.421347,-66.146970
-17.417074,-66.151888
-17.402897,-66.150657
-17.401647,-66.145009
-17.416948,-66.154975
-17.407381,-66.149848
-17.409179,-66.138494
-17.412037,-66.134810
-17.420328,-66.135871
-17.407393,-66.149472
-17.404373,-66.149879
-17.401338,-66.139245
-17.400547,-66.128854
-17.413437,-66.150711
-17.410414,-66.140952
-17.414968,-66.127405
-17.412119,-66.131563
-17.425803,-66.147814
-17.419674,-66.138447
-17.417477,-66.130210
-17.405577,-66.143182
-17.420912,-66.152859
-17.417337,-66.136010
-17.423540,-66.134259
-17.403651,-66.142899
-17.422800,-66.136721
-17.411919,-66.129789
-17.414184,-66.130150
-17.415740,-66.132743
-17.407329,-66.133864
-17.422491,-66.148600
-17.412577,-66.141802
-17.420340,-66.142348
-17.400707,-66.147170
-17.416769,-66.129343
-17.398979,-66.135397
-17.418206,-66.131460
-17.411289,-66.146071
-17.405427,-66.133821
-17.404202,-66.132617
-17.406841,-66.127503
-17.425790,-66.145235
-17.418983,-66.154175
-17.416589,-66.155097
-17.413628,-66.138950
-17.400194,-66.127573
-17.407637,-66.147595
-17.411148,-66.135547
-17.408284,-66.141844
-17.417573,-66.129364
-17.421883,-66.143453
-17.411416,-66.139231
-17.418204,-66.151496
-17.415352,-66.150329
-17.413074,-66.127178
-17.405237,-66.149140
-17.420303,-66.143238
-17.399657,-66.138007
-17.402550,-66.126177
-17.424396,-66.147641
-17.423318,-66.148939
-17.419314,-66.140806
-17.406999,-66.133188
-17.406226,-66.152916
-17.409410,-66.134946
-17.403721,-66.148160
-17.422252,-66.153884
-17.412043,-66.129997
-17.401561,-66.137022
-17.409237,-66.134874
-17.425927,-66.150691
-17.402267,-66.125040
-17.402754,-66.142235
-17.408595,-66.142625
-17.403072,-66.125052
-17.410706,-66.134351
-17.410821,-66.138972
-17.422821,-66.133424
-17.410292,-66.134298
-17.411240,-66.147902
-17.406650,-66.128789
-17.405273,-66.146412
-17.415135,-66.142618
-17.406067,-66.130157
-17.400685,-66.131040
-17.416859,-66.142211
-17.401218,-66.150884
-17.408355,-66.151935
-17.411565,-66.144997
-17.422660,-66.151337
-17.418258,-66.153060
-17.415343,-66.143016
-17.407050,-66.140803
-17.414300,-66.130300
-17.422705,-66.149990
-17.411250,-66.146759
-17.402190,-66.132339
-17.407924,-66.129611
-17.414608,-66.136356
-17.414219,-66.132828
-17.407029,-66.128339
-17.401552,-66.149816
-17.400831,-66.138539
-17.417811,-66.150099
-17.413655,-66.142771
-17.401332,-66.144744
-17.421792,-66.136852
-17.416394,-66.140003
-17.401093,-66.124448
-17.417606,-66.154891
-17.401156,-66.135626
-17.413304,-66.132405
-17.406064,-66.130810
-17.408446,-66.139778
-17.404120,-66.138498
-17.416816,-66.131693
-17.412161,-66.143598
-17.418186,-66.152859
-17.409652,-66.141247
-17.419997,-66.132157
-17.408787,-66.146444
-17.414519,-66.141809
-17.414600,-66.129892
-17.400435,-66.137980
-17.426506,-66.151767
-17.420101,-66.138932
-17.421402,-66.139201
-17.407444,-66.127311
-17.414578,-66.132320
-17.410877,-66.128186
-17.421043,-66.151288
-17.412870,-66.146560
-17.413577,-66.150731
-17.409324,-66.127112
-17.425911,-66.149950
-17.422991,-66.150905
-17.404145,-66.126561
-17.417711,-66.130661
-17.418961,-66.154887
-17.420460,-66.140809
-17.400129,-66.125429
-17.409767,-66.134838
-17.408683,-66.133432
-17.412096,-66.126508
-17.400239,-66.125339
-17.410918,-66.131322
-17.419004,-66.137567
-17.400232,-66.128812
-17.420111,-66.140400
-17.403102,-66.123455
-17.410895,-66.139391
-17.400419,-66.146598
-17.415019,-66.152057
-17.418164,-66.131265
-17.421097,-66.132696
-17.417829,-66.130224
-17.404160,-66.146140
-17.408806,-66.127375
-17.417595,-66.150949
-17.404222,-66.148129
-17.426493,-66.153112
-17.416370,-66.151480
-17.417506,-66.131340
-17.424147,-66.147108
-17.403769,-66.148137
-17.398403,-66.127287
-17.424642,-66.152654
-17.423341,-66.148440
-17.410421,-66.146958
-17.405090,-66.135361
-17.419599,-66.137348
-17.409256,-66.142083
-17.410363,-66.152097
-17.414769,-66.149588
-17.411785,-66.127675
-17.417163,-66.147319
-17.414883,-66.155581
-17.400768,-66.136845
-17.408886,-66.132890
-17.413167,-66.128428
-17.414463,-66.142801
-17.407792,-66.129180
-17.416055,-66.151882
-17.413077,-66.133456
-17.407182,-66.144216
-17.409224,-66.152184
-17.406493,-66.140232
-17.419577,-66.138240
-17.399548,-66.128931
-17.411591,-66.149674
-17.404436,-66.136068
-17.408565,-66.132677
-17.423581,-66.154243
-17.410619,-66.131201
-17.416068,-66.133770
-17.406902,-66.133460
-17.408625,-66.138770
-17.404651,-66.137825
-17.415947,-66.145089
-17.399737,-66.139295
-17.416855,-66.152325
-17.407015,-66.126030
-17.414254,-66.126622
-17.421520,-66.143361
-17.404472,-66.142787
-17.403430,-66.144982
-17.416416,-66.129823
-17.419731,-66.132743
-17.407439,-66.144927
-17.398386,-66.129692
-17.409392,-66.129769
-17.400758,-66.135009
-17.418366,-66.132416
-17.411593,-66.133712
-17.400040,-66.146682
-17.419776,-66.133605
-17.405766,-66.142922
-17.425295,-66.146610
-17.422911,-66.137600
-17.417025,-66.132493
-17.402708,-66.142049
-17.401669,-66.135136
-17.401637,-66.135392
-17.401533,-66.131533
-17.420114,-66.140484
-17.406441,-66.146720
-17.413879,-66.153329
-17.412087,-66.128523
-17.418388,-66.148002
-17.415096,-66.149608
-17.404916,-66.128890
-17.416793,-66.129909
-17.417773,-66.152247
-17.419157,-66.134504
-17.419078,-66.136356
-17.402971,-66.125042
-17.427920,-66.151786
-17.422470,-66.135281
-17.402694,-66.134420
-17.418134,-66.136114
-17.408014,-66.140065
-17.399277,-66.128684
-17.400756,-66.148435
-17.410696,-66.134231
-17.414195,-66.145956
-17.401827,-66.137335
-17.424436,-66.147572
-17.405464,-66.139266
-17.402153,-66.123595
-17.406495,-66.148144
-17.407421,-66.139343
-17.414809,-66.152171
-17.408057,-66.149820
-17.412500,-66.136834
-17.408530,-66.152851
-17.411702,-66.144911
-17.406945,-66.132688
-17.417796,-66.130840
-17.425095,-66.143256
-17.411854,-66.151582
-17.398650,-66.135560
-17.409899,-66.132478
-17.405861,-66.137178
-17.420480,-66.134544
-17.405794,-66.152132
-17.403361,-66.133396
-17.414138,-66.154486
-17.405902,-66.147581
-17.415328,-66.146499
-17.407227,-66.128001
-17.409803,-66.144242
-17.422481,-66.152966
-17.410213,-66.151599
-17.404587,-66.132742
-17.401217,-66.127079
-17.409539,-66.131256
-17.401538,-66.125113
-17.413140,-66.137487
-17.408132,-66.151781
-17.428049,-66.149043
-17.420854,-66.140806
-17.403220,-66.150353
-17.417909,-66.131342
-17.403544,-66.126843
-17.413162,-66.144190
-17.415557,-66.133558
-17.415231,-66.140827
-17.407817,-66.152260
-17.402581,-66.123293
-17.419905,-66.139495
-17.417928,-66.131750
-17.405353,-66.136634
-17.413671,-66.150170
-17.414754,-66.135160
-17.404171,-66.150464
-17.421351,-66.138183
-17.397582,-66.127068
-17.406232,-66.152823
-17.413918,-66.138047
-17.403343,-66.123967
-17.399552,-66.144664
-17.406560,-66.134476
-17.419805,-66.144567
-17.423193,-66.144442
-17.417692,-66.149155
-17.413091,-66.145518
-17.407975,-66.137377
-17.398226,-66.135260
-17.404654,-66.132442
-17.419190,-66.142508
-17.428782,-66.151540
-17.404942,-66.124751
-17.399232,-66.139694
-17.404770,-66.125527
-17.413371,-66.135119
-17.417662,-66.151760
-17.408820,-66.131738
-17.423633,-66.148355
-17.409132,-66.138786
-17.406654,-66.135676
-17.413967,-66.142940
-17.415636,-66.147290
-17.403312,-66.137487
-17.420266,-66.145751
-17.415925,-66.149788
-17.405292,-66.123509
-17.416845,-66.135454
-17.417509,-66.141248
-17.419349,-66.138730
-17.414713,-66.131310
-17.411812,-66.140043
-17.399100,-66.134361
-17.408166,-66.127923
-17.401294,-66.124371
-17.399535,-66.129347
-17.418824,-66.151849
-17.423159,-66.144718
-17.411376,-66.126775
-17.421184,-66.135456
-17.403765,-66.141031
-17.410818,-66.132386
-17.425109,-66.145331
-17.399879,-66.126251
-17.398151,-66.128366
-17.406667,-66.131447
-17.411666,-66.145177
-17.413174,-66.142586
-17.417451,-66.131809
-17.417342,-66.153737
-17.404037,-66.130588
-17.403258,-66.140509
-17.401462,-66.137282
-17.414589,-66.137520
-17.423397,-66.146963
-17.414727,-66.130296
-17.417611,-66.128424
-17.397747,-66.128451
-17.399425,-66.137566
-17.406580,-66.143719
-17.415850,-66.128775
-17.423308,-66.133345
-17.407609,-66.151716
-17.425185,-66.147135
-17.417020,-66.127314
-17.411931,-66.147749
-17.403195,-66.137449
-17.413898,-66.141805
-17.415300,-66.144221
-17.407933,-66.147117
-17.409443,-66.133447
-17.411402,-66.139431
-17.405797,-66.137315
-17.420217,-66.141117
-17.401227,-66.143869
-17.404337,-66.137694
-17.414509,-66.149958
-17.421129,-66.136149
-17.417890,-66.149962
-17.420421,-66.134550
-17.396683,-66.127085
-17.405134,-66.140086
-17.407940,-66.135427
-17.410231,-66.141939
-17.420848,-66.154840
-17.417005,-66.130448
-17.422933,-66.145895
-17.414718,-66.140071
-17.414293,-66.138189
-17.404348,-66.144825
-17.406253,-66.143944
-17.411383,-66.140355
-17.428433,-66.149472
-17.417162,-66.129622
-17.423471,-66.154362
-17.422860,-66.137825
-17.402492,-66.146046
-17.416365,-66.137083
-17.419246,-66.143636
-17.399566,-66.135537
-17.399652,-66.145575
-17.423406,-66.142401
-17.409770,-66.130398
-17.399469,-66.134349
-17.412191,-66.131507
-17.409608,-66.144800
-17.414859,-66.131868
-17.412477,-66.140199
-17.399709,-66.145239
-17.416307,-66.147402
-17.414332,-66.137184
-17.403822,-66.136213
-17.407223,-66.149022
-17.419314,-66.149802
-17.406365,-66.149809
-17.405447,-66.129437
-17.424116,-66.149941
-17.415476,-66.138650
-17.424444,-66.153529
-17.407432,-66.143228
-17.401493,-66.136074
-17.405613,-66.124902
-17.421336,-66.134709
-17.414193,-66.133917
-17.420738,-66.143610
-17.426553,-66.147565
-17.422762,-66.143265
-17.400815,-66.137406
-17.410238,-66.142185
-17.407053,-66.146307
-17.417192,-66.150776
-17.416228,-66.142084
-17.407886,-66.136014
-17.403499,-66.134851
-17.417454,-66.145878
-17.419304,-66.146820
-17.420818,-66.146313
-17.422640,-66.149937
-17.423445,-66.141362
-17.402017,-66.150753
-17.412108,-66.137138
-17.411684,-66.151469
-17.416414,-66.133009
-17.417778,-66.140346
-17.400252,-66.143215
-17.413519,-66.151291
-17.416083,-66.141772
-17.417700,-66.134402
-17.401995,-66.123476
-17.405703,-66.141955
-17.413127,-66.131861
-17.402503,-66.149175
-17.415839,-66.147597
-17.412367,-66.130705
-17.401269,-66.131059
-17.413684,-66.127349
-17.425991,-66.152675
-17.420943,-66.143129
-17.410726,-66.149876
-17.403085,-66.148265
-17.410572,-66.141227
-17.425096,-66.146779
-17.401266,-66.145057
-17.406632,-66.151956
-17.412772,-66.130742
-17.421320,-66.132127
-17.420522,-66.143559
-17.419269,-66.153347
-17.412351,-66.146049
-17.414379,-66.145405
-17.421449,-66.133831
-17.415021,-66.149476
-17.406794,-66.142058
-17.413713,-66.146251
-17.405445,-66.147762
-17.425197,-66.151762
-17.402261,-66.134819
-17.420367,-66.154215
-17.411356,-66.149847
-17.421773,-66.148909
-17.414871,-66.133137
-17.403665,-66.126946
-17.413524,-66.129706
-17.420580,-66.136522
-17.413635,-66.127537
-17.422302,-66.139410
-17.410585,-66.151686
-17.405807,-66.148668
-17.411415,-66.137298
-17.414039,-66.127796
-17.419161,-66.144184
-17.413559,-66.136983
-17.401781,-66.148734
-17.408146,-66.139105
-17.427793,-66.149453
-17.422973,-66.150190
-17.419737,-66.154026
-17.406766,-66.131417
-17.419339,-66.134644
-17.412561,-66.128644
-17.409694,-66.132428
-17.422487,-66.133656
-17.404463,-66.146247
-17.407746,-66.138260
-17.412934,-66.131776
-17.413997,-66.133777
-17.416387,-66.151226
-17.423926,-66.148685
-17.403048,-66.140905
-17.409226,-66.152546
-17.399801,-66.137907
-17.403491,-66.139965
-17.406805,-66.133687
-17.415168,-66.148953
-17.405906,-66.151211
-17.409856,-66.128743
-17.400089,-66.141666
-17.416335,-66.141211
-17.398377,-66.129901
-17.412190,-66.136708
-17.410121,-66.148529
-17.400751,-66.128245
-17.409513,-66.134314
-17.421016,-66.131629
-17.417715,-66.134263
-17.411048,-66.128537
-17.418447,-66.139159
-17.419937,-66.154369
-17.424913,-66.153934
-17.398561,-66.129399
-17.405245,-66.139309
-17.421006,-66.146839
-17.411339,-66.142494
-17.405658,-66.152135
-17.416510,-66.152415
-17.418883,-66.141336
-17.427967,-66.148367
-17.409355,-66.137049
-17.412321,-66.136614
-17.426978,-66.150881
-17.400687,-66.124789
-17.413956,-66.154046
-17.423152,-66.131848
-17.400561,-66.137081
-17.409324,-66.142389
-17.421917,-66.147951
-17.405077,-66.139126
-17.408588,-66.139172
-17.423023,-66.141046
-17.405187,-66.145909
-17.403333,-66.125610
-17.423671,-66.133558
-17.404023,-66.139425
-17.423608,-66.146540
-17.418112,-66.136633
-17.422170,-66.131750
-17.400336,-66.139637
-17.410087,-66.127718
-17.424336,-66.149028
-17.404958,-66.149273
-17.423014,-66.149883
-17.426362,-66.150813
-17.412058,-66.135253
-17.422292,-66.146477
-17.411199,-66.151468
-17.418219,-66.154941
-17.425102,-66.144628
-17.408055,-66.135890
-17.414302,-66.136951
-17.407390,-66.137131
-17.419854,-66.135854
-17.404209,-66.131925
-17.419417,-66.140839
-17.416706,-66.154509
-17.417145,-66.150342
-17.415646,-66.137331
-17.405943,-66.151360
-17.406546,-66.138667
-17.418883,-66.142848
-17.414297,-66.126896
-17.407232,-66.147236
-17.404175,-66.125201
-17.415830,-66.146767
-17.418918,-66.152001
-17.407510,-66.146260
-17.405554,-66.152549
-17.413793,-66.141681
-17.414657,-66.145503
-17.400834,-66.126745
-17.423171,-66.144377
-17.425768,-66.149370
-17.411799,-66.132819
-17.413512,-66.153333
-17.403053,-66.144041
-17.415187,-66.137767
-17.427495,-66.152180
-17.420747,-66.151474
-17.401440,-66.142284
-17.412503,-66.146883
-17.420284,-66.148969
-17.419720,-66.136587
-17.402458,-66.135305
-17.406849,-66.151935
-17.403424,-66.137078
-17.413564,-66.141477
-17.407247,-66.134463
-17.405969,-66.133425
-17.426539,-66.146351
-17.419837,-66.137462
-17.411401,-66.146763
-17.402359,-66.150296
-17.421163,-66.134646
-17.402232,-66.144773
-17.407387,-66.149504
-17.407779,-66.131637
-17.401390,-66.142166
-17.403189,-66.148671
-17.400686,-66.125204
-17.403853,-66.126780
-17.408140,-66.135839
-17.409455,-66.128671
-17.402148,-66.123805
-17.412606,-66.138381
-17.412606,-66.134366
-17.406081,-66.125081
-17.418635,-66.149082
-17.398628,-66.135707
-17.418135,-66.147500
-17.415265,-66.140052
-17.419492,-66.150013
-17.421204,-66.150340
-17.413625,-66.151874
-17.410136,-66.139842
-17.420938,-66.147325
-17.418284,-66.130357
-17.397422,-66.135334
-17.404095,-66.144811
-17.414953,-66.135893
-17.403753,-66.125656
-17.410255,-66.150541
-17.406663,-66.143841
-17.416192,-66.148583
-17.418779,-66.137400
-17.409005,-66.132699
-17.404847,-66.124825
-17.400799,-66.134816
-17.415438,-66.147607
-17.409437,-66.134962
-17.403077,-66.123368
-17.414443,-66.135994
-17.427155,-66.151107
-17.420746,-66.136131
-17.412911,-66.137822
-17.414835,-66.145781
-17.424497,-66.146357
-17.415865,-66.129625
-17.417678,-66.143393
-17.421580,-66.150363
-17.420633,-66.139159
-17.401159,-66.148420
-17.401743,-66.149724
-17.412073,-66.149927
-17.403585,-66.135332
-17.421516,-66.144886
-17.407861,-66.142845
-17.399779,-66.134876
-17.422028,-66.151768
-17.400440,-66.143331
-17.400023,-66.148702
-17.427404,-66.149367
-17.404640,-66.139633
-17.419732,-66.139066
-17.423008,-66.142267
-17.418500,-66.154627
-17.417683,-66.147539
-17.406550,-66.130416
-17.402068,-66.136584
-17.418520,-66.135016
-17.418139,-66.149119
-17.407362,-66.151331
-17.401699,-66.126302
-17.411266,-66.150899
-17.412062,-66.152888
-17.418358,-66.147574
-17.413853,-66.130252
-17.422703,-66.142314
-17.403964,-66.131188
-17.404382,-66.140267
-17.420731,-66.152858
-17.410595,-66.141317
-17.418296,-66.132874
-17.422678,-66.134379
-17.424010,-66.147193
-17.420072,-66.148046
-17.410731,-66.132399
-17.402551,-66.136873
-17.412581,-66.133100
-17.411592,-66.143137
-17.412334,-66.139608
-17.415795,-66.129052
-17.420911,-66.141016
-17.428321,-66.152207
-17.416577,-66.141592
-17.417965,-66.152093
-17.412027,-66.139901
-17.404496,-66.147884
-17.405172,-66.148778
-17.422720,-66.137100
-17.418150,-66.151740
-17.405442,-66.134277
-17.419139,-66.148120
-17.405448,-66.149721
-17.417230,-66.154240
-17.403255,-66.130718
-17.427689,-66.151890
-17.422341,-66.142803
-17.415514,-66.146861
-17.406843,-66.152125
-17.415924,-66.145308
-17.400491,-66.137213
-17.410999,-66.135943
-17.406174,-66.140271
-17.402410,-66.147418
-17.411310,-66.133611
-17.421874,-66.137736
-17.422024,-66.137029
-17.413177,-66.145238
-17.424169,-66.150167
-17.413061,-66.149604
-17.401314,-66.138043
-17.422274,-66.153993
-17.417453,-66.127570
-17.404499,-66.141825
-17.409740,-66.149836
-17.404183,-66.135850
-17.399848,-66.143532
-17.422942,-66.145372
-17.407334,-66.139937
-17.421737,-66.139253
-17.421294,-66.142845
-17.420727,-66.140643
-17.402205,-66.145893
-17.412580,-66.143957
-17.400682,-66.144064
-17.401853,-66.124833
-17.409269,-66.130867
-17.420479,-66.151624
-17.411764,-66.134947
-17.416230,-66.136037
-17.415408,-66.144009
-17.423835,-66.149537
-17.407107,-66.128609
-17.415806,-66.131312
-17.405758,-66.138767
-17.408016,-66.146442
-17.412405,-66.147091
-17.425944,-66.147643
-17.427869,-66.149000
-17.402574,-66.140790
-17.414450,-66.133088
-17.407943,-66.147220
-17.413660,-66.146519
-17.419746,-66.154517
-17.409430,-66.149831
-17.416191,-66.139013
-17.416658,-66.148820
-17.408894,-66.128313
-17.422197,-66.136308
-17.413368,-66.134254
-17.410708,-66.153094
-17.416979,-66.136509
-17.413552,-66.138956
-17.398169,-66.135172
-17.419075,-66.149743
-17.417592,-66.132775
-17.402300,-66.134639
-17.418063,-66.142772
-17.428416,-66.150613
-17.400646,-66.144527
-17.398950,-66.130577
-17.414354,-66.148960
-17.413253,-66.151385
-17.428076,-66.149213
-17.419607,-66.152171
-17.414336,-66.135855
-17.426013,-66.144835
-17.398273,-66.128545
-17.403555,-66.139442
-17.413633,-66.143959
-17.413171,-66.127304
-17.409935,-66.138950
-17.413265,-66.141812
-17.421856,-66.146838
-17.416844,-66.147883
-17.409795,-66.131170
-17.400649,-66.144610
-17.418608,-66.153941
-17.402502,-66.136688
-17.408237,-66.146955
-17.408470,-66.150526
-17.421559,-66.147026
-17.419542,-66.139921
-17.427636,-66.148651
-17.404911,-66.140565
-17.408689,-66.128841
-17.396810,-66.126923
-17.406001,-66.139810
-17.420299,-66.154227
-17.404896,-66.149370
-17.400763,-66.147919
-17.415036,-66.142940
-17.410272,-66.145860
-17.408593,-66.141882
-17.417256,-66.149833
-17.424731,-66.142879
-17.428116,-66.150645
-17.418464,-66.149006
-17.411320,-66.147740
-17.409412,-66.132188
-17.415096,-66.138758
-17.419051,-66.137337
-17.421586,-66.147983
-17.415890,-66.154534
-17.406270,-66.127967
-17.419587,-66.142437
-17.408592,-66.145151
-17.410759,-66.126687
-17.406865,-66.146755
-17.402624,-66.128537
-17.398182,-66.136491
-17.400090,-66.148046
-17.402604,-66.146920
-17.402841,-66.145599
-17.419070,-66.138967
-17.410158,-66.140790
-17.406504,-66.147511
-17.424982,-66.143467
-17.407593,-66.149030
-17.421097,-66.142084
-17.422758,-66.132817
-17.418882,-66.146341
-17.422083,-66.145869
-17.398171,-66.135824
-17.425355,-66.143991
-17.400403,-66.133718
-17.401584,-66.126432
-17.412955,-66.148487
-17.423974,-66.145188
-17.409019,-66.144474
-17.405669,-66.124084
-17.402399,-66.125627
-17.404163,-66.135474
-17.401024,-66.138713
-17.402405,-66.129960
-17.401548,-66.144366
-17.411185,-66.149313
-17.421813,-66.140416
-17.402963,-66.124367
-17.402486,-66.150196
-17.402560,-66.131267
-17.421032,-66.131612
-17.412823,-66.139531
-17.411230,-66.126916
-17.406780,-66.147607
-17.417166,-66.132133
-17.416741,-66.151047
-17.402033,-66.130355
-17.413245,-66.144925
-17.417854,-66.151541
-17.397109,-66.126849
-17.404780,-66.122775
-17.415229,-66.130009
-17.415738,-66.147800
-17.412903,-66.131660
-17.406446,-66.149968
-17.414596,-66.133450
-17.413836,-66.134803
-17.418485,-66.142630
-17.403630,-66.126709
-17.414345,-66.155183
-17.408711,-66.143360
-17.414580,-66.144480
-17.408744,-66.137624
-17.416486,-66.150598
-17.419926,-66.134505
-17.419913,-66.153803
-17.406463,-66.127796
-17.417744,-66.129696
-17.399445,-66.136814
-17.422159,-66.142948
-17.423508,-66.141882
-17.402671,-66.125491
-17.418597,-66.138748
-17.415299,-66.144763
-17.400857,-66.134896
-17.417929,-66.140731
-17.419610,-66.151854
-17.401134,-66.142883
-17.407803,-66.134710
-17.414373,-66.130018
-17.403110,-66.147834
-17.402634,-66.136864
-17.405233,-66.130793
-17.412816,-66.146557
-17.416023,-66.145470
-17.401653,-66.147153
-17.411377,-66.137527
-17.422179,-66.138108
-17.411523,-66.131431
-17.410766,-66.130040
-17.400185,-66.145885
-17.406077,-66.134931
-17.402789,-66.144541
-17.404901,-66.142014
-17.410530,-66.142443
-17.419205,-66.144924
-17.414804,-66.126415
-17.402439,-66.129906
-17.403208,-66.129463
-17.414478,-66.145092
-17.402407,-66.141785
-17.415269,-66.127025
-17.400673,-66.140099
-17.409982,-66.129271
-17.412784,-66.153203
-17.399592,-66.128766
-17.414394,-66.132601
-17.403018,-66.124067
-17.400085,-66.138513
-17.419699,-66.145133
-17.415441,-66.150474
-17.422254,-66.146973
-17.407861,-66.147645
-17.412337,-66.142521
-17.405678,-66.136642
-17.413775,-66.147803
-17.400475,-66.147910
-17.425267,-66.144413
-17.419315,-66.152388
-17.423565,-66.143073
-17.414270,-66.147019
-17.408712,-66.148870
-17.418015,-66.143879
-17.418884,-66.148985
-17.412481,-66.127131
-17.400425,-66.145591
-17.402111,-66.129385
-17.412145,-66.152237
-17.421504,-66.137343
-17.414667,-66.135346
-17.405486,-66.138077
-17.403797,-66.147281
-17.402869,-66.135615
-17.408863,-66.130882
-17.404165,-66.130501
-17.420688,-66.154044
-17.408258,-66.127763
-17.407977,-66.145749
-17.427267,-66.151228
-17.399939,-66.129872
-17.401769,-66.138551
-17.405612,-66.126504
-17.403577,-66.136646
-17.406084,-66.141009
-17.409188,-66.130130
-17.398895,-66.137255
-17.412376,-66.139415
-17.400519,-66.125912
-17.412480,-66.130562
-17.410888,-66.145827
-17.424270,-66.142854
-17.414637,-66.145374
-17.427502,-66.151916
-17.419951,-66.152758
-17.424877,-66.146415
-17.425869,-66.149164
-17.413553,-66.151644
-17.412755,-66.135341
-17.408828,-66.134079
-17.409939,-66.130797
-17.411105,-66.127157
-17.416202,-66.137762
-17.407422,-66.143198
-17.403300,-66.122811
-17.421303,-66.141974
-17.410234,-66.138122
-17.402308,-66.125102
-17.420733,-66.139075
-17.413535,-66.129672
-17.410892,-66.140929
-17.410713,-66.145125
-17.414792,-66.150754
-17.402230,-66.140989
-17.420481,-66.135574
-17.405421,-66.139521
-17.405335,-66.133733
-17.420219,-66.142384
-17.415214,-66.131534
-17.413949,-66.128930
-17.400635,-66.128912
-17.397974,-66.127627
-17.420991,-66.143160
-17.405489,-66.135488
-17.411094,-66.144178
-17.412177,-66.145139
-17.400317,-66.143456
-17.415481,-66.140218
-17.421935,-66.139830
-17.411891,-66.142909
-17.414364,-66.126358
-17.422302,-66.152892
-17.418367,-66.141407
-17.417225,-66.132801
-17.408502,-66.146839
-17.422422,-66.154020
-17.428453,-66.149989
-17.409003,-66.146643
-17.417633,-66.151070
-17.412209,-66.134152
-17.422844,-66.152121
-17.411504,-66.152192
-17.416455,-66.143313
-17.402916,-66.150745
-17.405840,-66.149850
-17.405008,-66.138688
-17.401007,-66.132616
-17.415274,-66.155066
-17.399681,-66.144231
-17.406225,-66.133127
-17.409885,-66.136856
-17.402828,-66.124418
-17.407702,-66.148209
-17.407005,-66.138743
-17.421554,-66.149581
-17.417682,-66.129194
-17.419879,-66.142403
-17.403610,-66.126587
-17.416505,-66.128380
-17.425947,-66.146828
-17.415800,-66.151978
-17.414533,-66.142372
-17.405950,-66.150874
-17.399674,-66.142325
-17.427734,-66.148275
-17.410403,-66.127855
-17.425912,-66.149076
-17.405603,-66.152811
-17.410986,-66.146976
-17.404560,-66.140686
-17.422176,-66.149313
-17.404033,-66.145746
-17.405950,-66.134284
-17.401584,-66.146840
-17.410335,-66.140604
-17.404547,-66.149724
-17.425156,-66.144675
-17.402634,-66.129331
-17.427671,-66.152535
-17.413481,-66.142184
-17.414227,-66.154452
-17.397331,-66.127943
-17.407305,-66.131293
-17.402443,-66.124423
-17.404412,-66.138444
-17.414446,-66.145197
-17.406863,-66.131237
-17.405689,-66.126838
-17.420114,-66.151795
-17.418043,-66.143092
-17.417824,-66.146107
-17.420741,-66.137756
-17.416541,-66.144069
-17.410082,-66.142235
-17.405452,-66.131393
-17.412459,-66.128493
-17.424452,-66.146631
-17.414755,-66.133255
-17.409912,-66.139440
-17.400859,-66.130781
-17.414847,-66.132602
-17.417990,-66.147284
-17.409014,-66.151173
-17.405851,-66.147753
-17.408195,-66.126740
-17.421101,-66.143755
-17.405573,-66.122888
-17.401749,-66.149379
-17.421558,-66.149744
-17.423654,-66.134628
-17.416441,-66.145538
-17.417216,-66.152919
-17.412857,-66.147497
-17.408409,-66.127310
-17.406030,-66.125117
-17.404044,-66.126307
-17.414089,-66.127947
-17.416134,-66.144382
-17.423255,-66.153970
-17.401096,-66.143645
-17.425868,-66.144284
-17.406990,-66.150047
-17.422629,-66.136624
-17.406835,-66.142380
-17.410068,-66.150762
-17.408347,-66.150779
-17.400985,-66.140217
-17.402788,-66.136397
-17.426124,-66.145010
-17.419410,-66.134860
-17.408047,-66.146581
-17.408389,-66.150060
-17.400936,-66.134590
-17.412941,-66.149715
-17.411105,-66.148055
-17.410568,-66.140609
-17.423200,-66.151196
-17.406215,-66.148379
-17.411256,-66.138039
-17.409086,-66.138155
-17.417724,-66.141773
-17.404571,-66.126275
-17.423179,-66.143164
-17.416799,-66.150645
-17.420765,-66.153966
-17.409185,-66.129976
-17.408064,-66.135918
-17.415745,-66.150731
-17.411783,-66.152643
-17.411973,-66.130415
-17.398786,-66.128125
-17.403159,-66.149707
-17.414138,-66.126952
-17.401081,-66.139851
-17.400536,-66.138994
-17.424493,-66.153110
-17.407782,-66.141930
-17.422082,-66.145582
-17.411176,-66.128982
-17.410274,-66.133436
-17.417446,-66.141875
-17.425449,-66.144787
-17.415690,-66.133960
-17.414019,-66.147778
-17.400052,-66.139974
-17.401144,-66.150726
-17.410928,-66.149561
-17.417803,-66.150321
-17.408574,-66.149505
-17.426681,-66.149439
-17.404716,-66.142717
-17.405436,-66.151785
-17.412274,-66.132586
-17.417431,-66.143216
-17.421248,-66.147385
-17.403992,-66.144961
-17.427829,-66.149519
-17.410210,-66.131519
-17.421986,-66.153958
-17.401046,-66.147569
-17.416851,-66.147810
-17.408155,-66.135377
-17.407867,-66.142685
-17.415008,-66.154667
-17.410862,-66.141992
-17.414811,-66.150901
-17.402628,-66.144123
-17.413311,-66.133968
-17.410386,-66.143447
-17.402034,-66.149043
-17.408710,-66.149834
-17.411196,-66.151536
-17.422671,-66.148925
-17.426409,-66.149209
-17.407854,-66.150042
-17.407419,-66.128445
-17.423142,-66.136168
-17.399681,-66.142372
-17.408872,-66.130196
-17.411254,-66.147021
-17.417716,-66.149838
-17.402254,-66.129862
-17.408668,-66.142446
-17.418963,-66.137641
-17.411217,-66.127863
-17.414528,-66.126772
-17.400325,-66.136990
-17.407296,-66.141765
-17.419559,-66.147784
-17.425035,-66.144161
-17.413762,-66.132750
-17.425482,-66.153627
-17.415835,-66.131203
-17.411534,-66.139478
-17.401529,-66.144406
-17.404894,-66.141650
-17.422684,-66.148703
-17.407885,-66.127530
-17.420635,-66.150820
-17.407137,-66.136635
-17.400135,-66.135072
-17.407392,-66.138111
-17.400145,-66.137132
-17.402747,-66.143370
-17.414645,-66.126224
-17.405453,-66.146609
-17.428595,-66.150001
-17.399283,-66.137513
-17.398099,-66.136255
-17.401752,-66.129932
-17.424120,-66.141943
-17.421601,-66.154115
-17.419658,-66.147693
-17.414145,-66.149550
-17.418464,-66.149129
-17.410402,-66.127886
-17.424438,-66.146260
-17.410667,-66.149717
-17.416685,-66.134916
-17.406143,-66.143832
-17.411820,-66.152186
-17.414852,-66.129000
-17.422973,-66.142383
-17.400653,-66.147133
-17.419573,-66.150823
-17.405388,-66.133225
-17.411916,-66.138400
-17.414468,-66.144545
-17.404832,-66.137679
-17.411949,-66.134107
-17.399811,-66.135818
-17.403859,-66.136956
-17.422018,-66.134634
-17.427106,-66.148853
-17.417328,-66.152185
-17.421042,-66.147953
-17.406885,-66.146340
-17.417471,-66.144460
-17.421888,-66.138306
-17.408370,-66.133689
-17.415578,-66.147630
-17.408475,-66.146052
-17.425312,-66.143965
-17.398442,-66.126345
-17.410100,-66.136133
-17.420151,-66.138530
-17.402657,-66.126443
-17.420379,-66.138804
-17.412333,-66.141459
-17.417137,-66.144636
-17.404632,-66.129566
-17.403793,-66.127139
-17.400835,-66.136250
-17.406973,-66.142877
-17.412285,-66.140387
-17.422933,-66.148239
-17.406140,-66.152623
-17.428528,-66.150441
-17.415212,-66.126076
-17.404461,-66.150600
-17.412157,-66.146183
-17.413826,-66.151522
-17.413277,-66.136588
-17.413693,-66.150476
-17.412165,-66.128490
-17.409969,-66.145998
-17.407582,-66.135721
-17.403126,-66.125463
-17.398986,-66.128740
-17.398730,-66.136850
-17.416873,-66.143703
-17.404636,-66.142286
-17.402368,-66.123615
-17.410889,-66.127952
-17.413577,-66.138697
-17.411150,-66.148202
-17.410487,-66.145738
-17.409374,-66.148243
-17.405695,-66.127603
-17.410260,-66.147539
-17.411198,-66.145002
-17.426722,-66.149827
-17.403680,-66.124731
-17.421809,-66.149073
-17.407225,-66.147450
-17.423115,-66.150328
-17.419285,-66.144807
-17.419801,-66.144501
-17.421804,-66.147617
-17.416944,-66.133248
-17.412999,-66.145869
-17.414749,-66.147094
-17.422428,-66.140486
-17.404988,-66.139244
-17.417054,-66.147689
-17.418530,-66.130653
-17.416370,-66.126403
-17.406789,-66.146595
-17.405641,-66.123158
-17.401092,-66.134673
-17.416595,-66.144028
-17.406778,-66.138547
-17.414709,-66.151895
-17.401230,-66.129553
-17.419231,-66.151622
-17.408187,-66.140675
-17.405546,-66.147041
-17.418927,-66.139584
-17.404150,-66.131078
-17.408184,-66.132036
-17.405852,-66.145065
-17.413243,-66.151064
-17.413280,-66.143458
-17.399773,-66.143499
-17.405747,-66.147670
-17.401859,-66.133580
-17.409752,-66.130907
-17.404004,-66.134219
-17.416673,-66.154482
-17.414733,-66.143415
-17.411513,-66.151039
-17.401354,-66.144812
-17.422389,-66.154492
-17.417947,-66.151285
-17.422476,-66.151968
-17.413271,-66.138373
-17.407756,-66.147801
-17.424693,-66.151536
-17.399406,-66.137910
-17.405515,-66.144504
-17.408475,-66.132540
-17.422836,-66.136381
-17.418084,-66.135230
-17.415469,-66.137377
-17.406394,-66.151413
-17.408313,-66.134555
-17.400163,-66.149153
-17.417441,-66.128771
-17.406588,-66.141131
-17.409636,-66.137281
-17.412773,-66.148014
-17.420095,-66.149202
-17.419960,-66.139714
-17.413294,-66.138902
-17.422821,-66.147578
-17.418377,-66.130830
-17.417292,-66.127748
-17.415752,-66.128709
-17.418380,-66.131319
-17.415623,-66.132177
-17.416275,-66.129461
-17.402653,-66.129147
-17.412912,-66.151988
-17.415706,-66.143347
-17.418783,-66.148351
-17.405064,-66.126752
-17.415537,-66.148675
-17.405536,-66.146456
-17.410892,-66.142109
-17.397797,-66.127291
-17.417949,-66.148910
-17.406983,-66.144098
-17.416308,-66.138485
-17.400637,-66.133299
-17.408500,-66.134415
-17.401916,-66.125244
-17.401883,-66.146126
-17.422338,-66.131106
-17.409521,-66.146254
-17.411397,-66.136841
-17.402011,-66.125064
-17.415673,-66.146366
-17.424766,-66.153247
-17.410720,-66.134449
-17.400982,-66.141720
-17.403501,-66.123671
-17.405864,-66.146169
-17.405051,-66.148244
-17.422181,-66.131112
-17.408451,-66.129597
-17.403749,-66.131832
-17.399130,-66.127235
-17.415152,-66.126346
-17.412284,-66.153236
-17.403113,-66.149696
-17.407809,-66.148152
-17.425650,-66.145247
-17.415352,-66.127238
-17.399812,-66.146713
-17.416289,-66.129034
-17.401184,-66.132226
-17.403419,-66.144512
-17.413389,-66.142287
-17.411239,-66.149760
-17.416411,-66.130562
-17.421618,-66.144101
-17.411793,-66.143576
-17.406286,-66.152944
-17.417618,-66.130442
-17.412515,-66.136459
-17.410515,-66.130351
-17.410601,-66.147241
-17.424337,-66.147443
-17.408983,-66.129470
-17.404578,-66.132047
-17.412101,-66.131132
-17.408488,-66.140753
-17.401315,-66.127888
-17.404042,-66.143570
-17.399126,-66.128184
-17.408627,-66.134296
-17.400333,-66.142534
-17.428007,-66.151705
-17.400233,-66.149059
-17.399639,-66.141238
-17.416575,-66.135609
-17.417084,-66.136770
-17.413871,-66.133899
-17.401103,-66.141124
-17.402040,-66.136080
-17.407104,-66.126718
-17.406945,-66.148141
-17.400788,-66.145091
-17.413694,-66.144444
-17.400358,-66.141663
-17.404290,-66.130390
-17.420247,-66.144347
-17.421064,-66.150890
-17.418360,-66.150070
-17.412855,-66.143666
-17.402273,-66.140894
-17.406898,-66.146239
-17.416242,-66.148895
-17.418395,-66.136553
-17.405780,-66.152613
-17.418939,-66.141406
-17.402917,-66.126149
-17.410841,-66.134867
-17.414956,-66.154858
-17.410819,-66.132943
-17.399873,-66.145029
-17.419298,-66.145581
-17.406528,-66.134038
-17.405874,-66.131632
-17.403034,-66.130419
-17.410936,-66.142892
-17.423035,-66.145900
-17.416290,-66.149668
-17.426545,-66.148798
-17.401799,-66.130725
-17.417259,-66.148422
-17.415968,-66.144504
-17.404268,-66.147800
-17.402521,-66.127112
-17.419679,-66.151978
-17.404401,-66.139728
-17.418480,-66.133407
-17.419397,-66.145880
-17.408922,-66.145209
-17.409909,-66.133241
-17.399060,-66.130045
-17.404619,-66.135909
-17.420448,-66.142946
-17.402574,-66.143085
-17.399705,-66.139443
-17.406726,-66.130981
-17.407605,-66.145299
-17.420028,-66.134634
-17.419801,-66.145655
-17.412945,-66.133878
-17.420569,-66.131257
-17.416568,-66.152148
-17.405779,-66.139706
-17.423110,-66.135583
-17.410195,-66.150059
-17.418631,-66.154676
-17.405385,-66.128097
-17.408113,-66.133720
-17.421788,-66.134762
-17.406648,-66.133788
-17.410068,-66.140306
-17.417181,-66.131548
-17.400899,-66.128325
-17.409034,-66.139083
-17.405105,-66.133352
-17.402065,-66.144886
-17.411626,-66.138890
-17.400056,-66.130088
-17.416076,-66.127218
-17.411672,-66.134821
-17.421979,-66.145993
-17.414767,-66.133737
-17.409961,-66.136220
-17.414062,-66.152414
-17.406840,-66.152245
-17.407782,-66.150172
-17.419969,-66.139907
-17.413187,-66.127908
-17.408084,-66.141037
-17.402080,-66.146867
-17.408617,-66.146393
-17.400267,-66.147520
-17.415627,-66.151531
-17.418210,-66.139550
-17.422318,-66.145602
-17.402134,-66.125314
-17.413944,-66.136172
-17.403808,-66.128768
-17.401005,-66.137912
-17.416752,-66.136754
-17.406353,-66.150935
-17.415505,-66.142044
-17.410435,-66.142022
-17.413552,-66.148205
-17.406364,-66.137903
-17.404576,-66.137031
-17.423041,-66.142826
-17.411664,-66.140669
-17.400781,-66.136421
-17.411784,-66.133302
-17.417392,-66.155128
-17.406739,-66.142941
-17.423956,-66.151391
-17.406495,-66.131155
-17.408910,-66.150850
-17.412727,-66.136783
-17.410296,-66.140765
-17.404748,-66.137124
-17.401680,-66.148818
-17.404324,-66.138496
-17.411307,-66.138170
-17.422147,-66.136209
-17.415181,-66.141937
-17.417207,-66.139519
-17.401120,-66.138302
-17.405690,-66.127840
-17.423254,-66.151355
-17.411544,-66.142516
-17.399581,-66.128101
-17.402655,-66.123870
-17.409814,-66.137836
-17.421299,-66.147759
-17.413841,-66.132956
-17.402126,-66.137281
-17.410806,-66.137213
-17.414840,-66.127412
-17.410035,-66.132288
-17.399849,-66.145524
-17.409861,-66.147138
-17.407617,-66.150495
-17.406073,-66.136609
-17.415697,-66.143694
-17.401026,-66.130199
-17.403126,-66.134993
-17.405847,-66.128424
-17.406053,-66.149946
-17.417148,-66.144864
-17.410777,-66.135309
-17.406154,-66.135106
-17.404331,-66.143861
-17.426630,-66.151674
-17.419119,-66.134794
-17.416557,-66.143849
-17.415528,-66.130370
-17.420322,-66.133396
-17.420956,-66.139990
-17.413645,-66.146160
-17.418174,-66.152811
-17.412661,-66.128139
-17.417243,-66.154218
-17.412030,-66.141464
-17.416480,-66.127014
-17.420339,-66.141577
-17.417372,-66.138291
-17.403976,-66.126062
-17.420491,-66.144156
-17.413632,-66.138340
-17.415721,-66.128629
-17.406168,-66.129574
-17.422617,-66.131529
-17.403849,-66.130688
-17.413462,-66.139851
-17.404115,-66.142755
-17.419207,-66.153350
-17.414508,-66.150113
-17.420109,-66.135860
-17.413430,-66.152643
-17.408655,-66.146657
-17.412307,-66.131200
-17.412734,-66.129684
-17.425751,-66.152418
-17.419115,-66.152367
-17.404185,-66.138059
-17.406269,-66.141386
-17.399079,-66.126413
-17.406372,-66.137582
-17.415066,-66.138276
-17.408379,-66.128836
-17.399750,-66.142472
-17.426689,-66.145693
-17.412247,-66.127924
-17.418842,-66.150359
-17.419036,-66.149428
-17.414141,-66.152836
-17.412137,-66.131940
-17.423574,-66.152970
-17.413397,-66.132060
-17.424591,-66.145822
-17.421452,-66.133902
-17.419577,-66.142426
-17.408640,-66.132008
-17.409864,-66.127501
-17.421670,-66.150013
-17.413193,-66.141884
-17.428553,-66.151005
-17.410274,-66.146666
-17.400243,-66.141676
-17.399889,-66.132070
-17.402189,-66.136546
-17.414343,-66.152091
-17.423319,-66.141700
-17.418129,-66.131988
-17.412985,-66.139233
-17.420992,-66.154819
-17.403240,-66.128619
-17.414054,-66.154587
-17.404959,-66.123067
-17.421194,-66.141610
-17.410222,-66.128714
-17.407289,-66.134646
-17.407434,-66.127388
-17.416375,-66.148763
-17.415813,-66.136934
-17.412612,-66.127091
-17.413067,-66.152947
-17.399693,-66.125315
-17.415104,-66.141766
-17.422856,-66.144503
-17.425607,-66.148006
-17.406072,-66.135915
-17.416625,-66.130604
-17.408804,-66.149840
-17.404141,-66.137569
-17.404297,-66.135229
-17.399347,-66.137947
-17.407747,-66.144809
-17.405636,-66.139789
-17.404917,-66.131723
-17.412783,-66.144063
-17.418946,-66.149414
-17.422750,-66.150008
-17.417449,-66.151391
-17.418559,-66.136101
-17.419707,-66.145018
-17.421744,-66.148610
-17.427071,-66.149056
-17.416919,-66.131476
-17.408644,-66.148640
-17.422720,-66.145296
-17.410824,-66.148212
-17.403371,-66.129983
-17.405257,-66.122176
-17.417367,-66.130759
-17.413063,-66.151928
-17.404850,-66.145210
-17.428332,-66.152101
-17.420467,-66.147138
-17.423033,-66.132299
-17.403314,-66.136375
-17.408027,-66.131723
-17.425436,-66.150894
-17.413643,-66.132718
-17.404951,-66.129348
-17.399802,-66.136663
-17.411913,-66.129075
-17.404524,-66.137568
-17.413353,-66.132305
-17.410587,-66.151686
-17.401423,-66.145779
-17.411895,-66.149891
-17.410010,-66.143858
-17.414302,-66.136125
-17.422557,-66.140336
-17.412069,-66.137017
-17.419772,-66.135779
-17.408753,-66.129485
-17.411075,-66.142910
-17.419028,-66.143289
-17.407999,-66.150115
-17.422216,-66.139138
-17.412071,-66.129393
-17.428170,-66.149848
-17.421063,-66.149716
-17.410329,-66.132887
-17.409688,-66.143792
-17.417219,-66.136896
-17.400962,-66.139994
-17.403534,-66.148797
-17.422830,-66.132633
-17.420201,-66.147828
-17.400146,-66.131685
-17.405725,-66.147118
-17.404744,-66.130313
-17.412823,-66.141411
-17.419545,-66.155056
-17.412771,-66.129363
-17.418277,-66.136907
-17.419035,-66.147562
-17.402321,-66.138101
-17.423505,-66.136325
-17.410918,-66.149532
-17.423004,-66.134995
-17.401183,-66.142558
-17.406611,-66.142011
-17.406573,-66.140414
-17.416070,-66.146038
-17.424114,-66.154252
-17.401745,-66.132400
-17.402777,-66.136017
-17.415894,-66.140049
-17.406499,-66.135252
-17.403972,-66.142154
-17.402594,-66.150194
-17.401917,-66.139167
-17.406245,-66.141351
-17.414586,-66.150152
-17.415471,-66.138502
-17.398267,-66.128533
-17.405223,-66.149310
-17.414819,-66.131567
-17.411656,-66.130608
-17.416107,-66.129724
-17.421353,-66.148255
-17.409380,-66.150092
-17.404043,-66.139498
-17.408682,-66.138752
-17.412321,-66.129716
-17.415165,-66.125991
-17.403415,-66.149193
-17.409502,-66.136764
-17.406018,-66.141832
-17.422993,-66.147811
-17.416244,-66.146781
-17.403213,-66.137749
-17.411675,-66.129818
-17.411396,-66.128127
-17.416815,-66.142028
-17.401557,-66.132428
-17.417282,-66.150398
-17.414049,-66.146768
-17.418640,-66.151301
-17.419252,-66.149804
-17.403035,-66.123499
-17.417581,-66.141678
-17.417124,-66.153382
-17.413392,-66.135559
-17.410872,-66.130576
-17.400947,-66.140408
-17.418156,-66.143291
-17.420498,-66.154744
-17.425630,-66.151747
-17.422016,-66.140977
-17.412620,-66.147936
-17.412973,-66.135782
-17.412455,-66.126329
-17.421067,-66.142895
-17.398439,-66.135369
-17.423248,-66.132640
-17.403807,-66.145490
-17.396853,-66.127939
-17.402444,-66.143079
-17.405082,-66.144302
-17.401693,-66.127997
-17.407239,-66.142958
-17.401398,-66.129356
-17.416600,-66.136679
-17.416115,-66.149232
-17.411876,-66.127914
-17.406190,-66.149490
-17.412698,-66.135468
-17.413574,-66.143261
-17.417480,-66.149324
-17.412002,-66.142389
-17.425723,-66.150183
-17.404803,-66.136949
-17.399198,-66.127254
-17.416143,-66.153330
-17.421268,-66.138314
-17.420158,-66.138570
-17.417206,-66.133333
-17.410191,-66.132497
-17.411122,-66.145706
-17.413005,-66.134442
-17.406402,-66.150405
-17.401186,-66.131201
-17.426911,-66.153073
-17.402564,-66.134942
-17.422073,-66.140667
-17.415013,-66.126252
-17.398662,-66.135007
-17.424364,-66.149880
-17.410149,-66.150075
-17.413418,-66.151674
-17.420493,-66.142589
-17.421309,-66.132903
-17.411474,-66.145621
-17.420615,-66.145610
-17.416755,-66.141666
-17.419477,-66.153988
-17.413881,-66.150334
-17.408744,-66.149885
-17.412896,-66.137891
-17.399790,-66.143830
-17.410896,-66.149658
-17.418870,-66.145292
-17.404801,-66.129598
-17.410594,-66.148521
-17.406582,-66.140861
-17.417682,-66.148554
-17.416646,-66.127454
-17.426270,-66.147521
-17.426356,-66.147717
-17.406278,-66.149679
-17.402782,-66.144048
-17.405049,-66.150493
-17.403582,-66.132781
-17.417040,-66.133735
-17.424532,-66.146513
-17.411821,-66.142111
-17.415125,-66.154643
-17.410933,-66.137085
-17.402492,-66.142984
-17.417854,-66.130778
-17.405633,-66.152053
-17.410882,-66.138616
-17.408901,-66.145785
-17.415456,-66.152534
-17.423736,-66.134802
-17.405666,-66.141178
-17.407742,-66.141716
-17.423764,-66.147336
-17.415024,-66.128057
-17.414018,-66.154229
-17.399087,-66.136924
-17.411431,-66.147109
-17.401296,-66.126390
-17.426415,-66.149586
-17.401575,-66.139577
-17.416484,-66.128235
-17.421845,-66.154798
