-17.384280,-66.147234
-17.375025,-66.133093
-17.395489,-66.140087
-17.388881,-66.146200
-17.379261,-66.141091
-17.396394,-66.143567
-17.393247,-66.143542
-17.378638,-66.139413
-17.391593,-66.141159
-17.380528,-66.135135
-17.384641,-66.139988
-17.381462,-66.143225
-17.380914,-66.141974
-17.394136,-66.138712
-17.397477,-66.143677
-17.396599,-66.142755
-17.394431,-66.139204
-17.378397,-66.137613
-17.384235,-66.143541
-17.395585,-66.130676
-17.383519,-66.150478
-17.395773,-66.145946
-17.381058,-66.143620
-17.388789,-66.147528
-17.382454,-66.150496
-17.394864,-66.136803
-17.388900,-66.144016
-17.387310,-66.148762
-17.395398,-66.137964
-17.377679,-66.140214
-17.379097,-66.144276
-17.384441,-66.146223
-17.375617,-66.136384
-17.391082,-66.141221
-17.392776,-66.140042
-17.394929,-66.138722
-17.377156,-66.137488
-17.379915,-66.142359
-17.377434,-66.140875
-17.390042,-66.143888
-17.378653,-66.143796
-17.396752,-66.140577
-17.386104,-66.139521
-17.392222,-66.143286
-17.381445,-66.139554
-17.392574,-66.140035
-17.387660,-66.143523
-17.397538,-66.145673
-17.395210,-66.134161
-17.385509,-66.141129
-17.397619,-66.143184
-17.390301,-66.144938
-17.376385,-66.133703
-17.392410,-66.144115
-17.388381,-66.143315
-17.381763,-66.140604
-17.394134,-66.140479
-17.377509,-66.137974
-17.375976,-66.134873
-17.396348,-66.147688
-17.381485,-66.138118
-17.398070,-66.145325
-17.393618,-66.134956
-17.392978,-66.131174
-17.385832,-66.141488
-17.380013,-66.136169
-17.377684,-66.132895
-17.377635,-66.133791
-17.378320,-66.133577
-17.380384,-66.138593
-17.389969,-66.134100
-17.384293,-66.145521
-17.381906,-66.135065
-17.379336,-66.135740
-17.382654,-66.148913
-17.394173,-66.131682
-17.397194,-66.143585
-17.394886,-66.137830
-17.384699,-66.145343
-17.396894,-66.138032
-17.392823,-66.140431
-17.390883,-66.146841
-17.387991,-66.142208
-17.383146,-66.145023
-17.379975,-66.137884
-17.381927,-66.136978
-17.385774,-66.144507
-17.392379,-66.134261
-17.394848,-66.133530
-17.378799,-66.145613
-17.390609,-66.137488
-17.380750,-66.136097
-17.381859,-66.143444
-17.389378,-66.138545
-17.388171,-66.149580
-17.387782,-66.138090
-17.379579,-66.135519
-17.390523,-66.133410
-17.389394,-66.149668
-17.395713,-66.129530
-17.390373,-66.141610
-17.393332,-66.143847
-17.382396,-66.141708
-17.396034,-66.141340
-17.382222,-66.137868
-17.385451,-66.149468
-17.393480,-66.142666
-17.387385,-66.146498
-17.388398,-66.143937
-17.384842,-66.149697
-17.391250,-66.134869
-17.380696,-66.148335
-17.381500,-66.147565
-17.388533,-66.143322
-17.381729,-66.143466
-17.392142,-66.146422
-17.391198,-66.137453
-17.389303,-66.133094
-17.393762,-66.132003
-17.381352,-66.135360
-17.391906,-66.142248
-17.386485,-66.142114
-17.394128,-66.135338
-17.394790,-66.142012
-17.379192,-66.143913
-17.387935,-66.149060
-17.390597,-66.138672
-17.394373,-66.141237
-17.398136,-66.145944
-17.392019,-66.147012
-17.379745,-66.133725
-17.379867,-66.137818
-17.382781,-66.145666
-17.385096,-66.145200
-17.385719,-66.144807
-17.388470,-66.149485
-17.386007,-66.140015
-17.393588,-66.134199
-17.385787,-66.149752
-17.378177,-66.144024
-17.394714,-66.140941
-17.385202,-66.149110
-17.379976,-66.144325
-17.390374,-66.145263
-17.395054,-66.132370
-17.394771,-66.129321
-17.394968,-66.138560
-17.390515,-66.144587
-17.385934,-66.146238
-17.382969,-66.142567
-17.396630,-66.145836
-17.378953,-66.144951
-17.386729,-66.148099
-17.380908,-66.147487
-17.387551,-66.138436
-17.394019,-66.136255
-17.393287,-66.148344
-17.382978,-66.150192
-17.389713,-66.138974
-17.380159,-66.144901
-17.396720,-66.140274
-17.396103,-66.132466
-17.380652,-66.132718
-17.394463,-66.139801
-17.391827,-66.145386
-17.381430,-66.146038
-17.397966,-66.144086
-17.380529,-66.136794
-17.379612,-66.133777
-17.389100,-66.147724
-17.395909,-66.133076
-17.395728,-66.138707
-17.381791,-66.135837
-17.387622,-66.138732
-17.381607,-66.146136
-17.394435,-66.137866
-17.391069,-66.133729
-17.379986,-66.147960
-17.391829,-66.143825
-17.382010,-66.139417
-17.380456,-66.141259
-17.380997,-66.142481
-17.390367,-66.139484
-17.397322,-66.145955
-17.383940,-66.143047
-17.383724,-66.142372
-17.391329,-66.141408
-17.385665,-66.148853
-17.379188,-66.135711
-17.391291,-66.138018
-17.383867,-66.142138
-17.383903,-66.146876
-17.376801,-66.136845
-17.394772,-66.139651
-17.381152,-66.131529
-17.379823,-66.142557
-17.380674,-66.151357
-17.395417,-66.143556
-17.390176,-66.146041
-17.396522,-66.133596
-17.377207,-66.138756
-17.392714,-66.140232
-17.379498,-66.144312
-17.383623,-66.149285
-17.379012,-66.135250
-17.381873,-66.151207
-17.398220,-66.143895
-17.375092,-66.135517
-17.394202,-66.142186
-17.390788,-66.148419
-17.397714,-66.138488
-17.377358,-66.139661
-17.396006,-66.139391
-17.375939,-66.134674
-17.397146,-66.147194
-17.381712,-66.140230
-17.393074,-66.147770
-17.398058,-66.147411
-17.387058,-66.140668
-17.383472,-66.145097
-17.378971,-66.142721
-17.388199,-66.149922
-17.387615,-66.147507
-17.377163,-66.136645
-17.389222,-66.147288
-17.390892,-66.133560
-17.383843,-66.139935
-17.395567,-66.144283
-17.392717,-66.148899
-17.396357,-66.141901
-17.379954,-66.137701
-17.379334,-66.145989
-17.379283,-66.139972
-17.391526,-66.144111
-17.379202,-66.139229
-17.379901,-66.144506
-17.380489,-66.134824
-17.389584,-66.140971
-17.393563,-66.139588
-17.380720,-66.148598
-17.389310,-66.145795
-17.383055,-66.142657
-17.394245,-66.146524
-17.398006,-66.141375
-17.391515,-66.147239
-17.381460,-66.143752
-17.397599,-66.139881
-17.390041,-66.137648
-17.382792,-66.146469
-17.381430,-66.133898
-17.381589,-66.149738
-17.381033,-66.137480
-17.380277,-66.132477
-17.393809,-66.135270
-17.381671,-66.148837
-17.383584,-66.141091
-17.394229,-66.148500
-17.379558,-66.135239
-17.397598,-66.138767
-17.392542,-66.133451
-17.380846,-66.151439
-17.391786,-66.146519
-17.394054,-66.130095
-17.390156,-66.148574
-17.376761,-66.134681
-17.386306,-66.141422
-17.391238,-66.143403
-17.393366,-66.145462
-17.388143,-66.145133
-17.376462,-66.136391
-17.380439,-66.138483
-17.387059,-66.138397
-17.397102,-66.141314
-17.384994,-66.146841
-17.395271,-66.146248
-17.393189,-66.132178
-17.393737,-66.143893
-17.395066,-66.145395
-17.390829,-66.145997
-17.376264,-66.134559
-17.392901,-66.144268
-17.393276,-66.130626
-17.382944,-66.151001
-17.384447,-66.148764
-17.378209,-66.138710
-17.396044,-66.136425
-17.378421,-66.137332
-17.382003,-66.149020
-17.390470,-66.145515
-17.394743,-66.131853
-17.394642,-66.144901
-17.388823,-66.143659
-17.398235,-66.147527
-17.395902,-66.131381
-17.394211,-66.134983
-17.395242,-66.143867
-17.392480,-66.135497
-17.392600,-66.139355
-17.380527,-66.137614
-17.382216,-66.141153
-17.382539,-66.149468
-17.380084,-66.148664
-17.380408,-66.147855
-17.397741,-66.140785
-17.395498,-66.137427
-17.387374,-66.148225
-17.386787,-66.142893
-17.396396,-66.134265
-17.380984,-66.131553
-17.379748,-66.146837
-17.385747,-66.147565
-17.382093,-66.137715
-17.386601,-66.141837
-17.396354,-66.132128
-17.376886,-66.131951
-17.388917,-66.147680
-17.392104,-66.133866
-17.393928,-66.138598
-17.385172,-66.148905
-17.392281,-66.132115
-17.389565,-66.141625
-17.392989,-66.142006
-17.389420,-66.145478
-17.382239,-66.150532
-17.391158,-66.141732
-17.387281,-66.139495
-17.381425,-66.147021
-17.384671,-66.142858
-17.392995,-66.140787
-17.395199,-66.141060
-17.379660,-66.146263
-17.391052,-66.148305
-17.387951,-66.143682
-17.382123,-66.147515
-17.396364,-66.146746
-17.376064,-66.137423
-17.381514,-66.136319
-17.391445,-66.142398
-17.384505,-66.143244
-17.395984,-66.136356
-17.379283,-66.147032
-17.382181,-66.143512
-17.384141,-66.141115
-17.380257,-66.147651
-17.384682,-66.145053
-17.389959,-66.140513
-17.384009,-66.144926
-17.384030,-66.140799
-17.381292,-66.140709
-17.376631,-66.137446
-17.388206,-66.145557
-17.392028,-66.144260
-17.393259,-66.143303
-17.395517,-66.131362
-17.395440,-66.148058
-17.374845,-66.133118
-17.379432,-66.141235
-17.378562,-66.138049
-17.395147,-66.129260
-17.384643,-66.144056
-17.381165,-66.132357
-17.398130,-66.145824
-17.397212,-66.142992
-17.385140,-66.141318
-17.391237,-66.140205
-17.380825,-66.139747
-17.377620,-66.136040
-17.395878,-66.145915
-17.380971,-66.135514
-17.390238,-66.145363
-17.391540,-66.133749
-17.391055,-66.134013
-17.396130,-66.145883
-17.396296,-66.144648
-17.387021,-66.143879
-17.391991,-66.139324
-17.382349,-66.136248
-17.380123,-66.143836
-17.393812,-66.144809
-17.389782,-66.149462
-17.378776,-66.132995
-17.379929,-66.134892
-17.393774,-66.133313
-17.391683,-66.136696
-17.390914,-66.139618
-17.393457,-66.135956
-17.393893,-66.137386
-17.393979,-66.142502
-17.396552,-66.146767
-17.378942,-66.137330
-17.397086,-66.139301
-17.393264,-66.147427
-17.391008,-66.141318
-17.397245,-66.146819
-17.382946,-66.149241
-17.394521,-66.129381
-17.390374,-66.136323
-17.391500,-66.138860
-17.389707,-66.149552
-17.392678,-66.137953
-17.395355,-66.139045
-17.397232,-66.147776
-17.380242,-66.149174
-17.389038,-66.149406
-17.393699,-66.136293
-17.386589,-66.142044
-17.391714,-66.142123
-17.386724,-66.139448
-17.381064,-66.144439
-17.393315,-66.138036
-17.378538,-66.141406
-17.392321,-66.133007
-17.379658,-66.148969
-17.387120,-66.143389
-17.394796,-66.140879
-17.379550,-66.141440
-17.395089,-66.132535
-17.394444,-66.144181
-17.387213,-66.141617
-17.388592,-66.140657
-17.384755,-66.145659
-17.390628,-66.145228
-17.391989,-66.135052
-17.377885,-66.143908
-17.391935,-66.145585
-17.387944,-66.141316
-17.383973,-66.148251
-17.390510,-66.138039
-17.388543,-66.134853
-17.394513,-66.137659
-17.379575,-66.142371
-17.384794,-66.146830
-17.387824,-66.148915
-17.393818,-66.134211
-17.392804,-66.131707
-17.375205,-66.133161
-17.391564,-66.131990
-17.389963,-66.147465
-17.378760,-66.132249
-17.387605,-66.142826
-17.388059,-66.138992
-17.385852,-66.147891
-17.396462,-66.146312
-17.384944,-66.141296
-17.395048,-66.141714
-17.394250,-66.145757
-17.393300,-66.139853
-17.397666,-66.145531
-17.389698,-66.141052
-17.380476,-66.144231
-17.385327,-66.140327
-17.379621,-66.131526
-17.384855,-66.147105
-17.381591,-66.134283
-17.396975,-66.138029
-17.389510,-66.142740
-17.386083,-66.144280
-17.385798,-66.148717
-17.382593,-66.145211
-17.381062,-66.140945
-17.381721,-66.137659
-17.391851,-66.140179
-17.392981,-66.136235
-17.393281,-66.142315
-17.381665,-66.133845
-17.384490,-66.146714
-17.397061,-66.144600
-17.391345,-66.137710
-17.379335,-66.145146
-17.377974,-66.132181
-17.392737,-66.143875
-17.388858,-66.147566
-17.381356,-66.147556
-17.390551,-66.135996
-17.388523,-66.143563
-17.380861,-66.151194
-17.388843,-66.144746
-17.381143,-66.139862
-17.388349,-66.140525
-17.379518,-66.130934
-17.377578,-66.135626
-17.391142,-66.133387
-17.389281,-66.145146
-17.398223,-66.147560
-17.393682,-66.138384
-17.388910,-66.146713
-17.395245,-66.133329
-17.378787,-66.137100
-17.387572,-66.143000
-17.388985,-66.147220
-17.393381,-66.130101
-17.389418,-66.142631
-17.395381,-66.134877
-17.375522,-66.133830
-17.386024,-66.150097
-17.392699,-66.141513
-17.394397,-66.137876
-17.391228,-66.135383
-17.380269,-66.132962
-17.395909,-66.147237
-17.392087,-66.141427
-17.385597,-66.139412
-17.379781,-66.144334
-17.380780,-66.144250
-17.392352,-66.141070
-17.382532,-66.144172
-17.376144,-66.132521
-17.394350,-66.140059
-17.392505,-66.137332
-17.394556,-66.129090
-17.393989,-66.130754
-17.393181,-66.144701
-17.383713,-66.142911
-17.396665,-66.133642
-17.384490,-66.142643
-17.387653,-66.142362
-17.395348,-66.148074
-17.395713,-66.138150
-17.391329,-66.138909
-17.381666,-66.139972
-17.394630,-66.136392
-17.394553,-66.146087
-17.380019,-66.137172
-17.377190,-66.133413
-17.396297,-66.130780
-17.380597,-66.149144
-17.379417,-66.137582
-17.383020,-66.149171
-17.392738,-66.145786
-17.381396,-66.142688
-17.377607,-66.139391
-17.377687,-66.133058
-17.390601,-66.149160
-17.386425,-66.148850
-17.391040,-66.137282
-17.395354,-66.134507
-17.385759,-66.141335
-17.377880,-66.132145
-17.382738,-66.145895
-17.394396,-66.131410
-17.392224,-66.133386
-17.394983,-66.134805
-17.387104,-66.146692
-17.378384,-66.137860
-17.375639,-66.135948
-17.395027,-66.131935
-17.379002,-66.140537
-17.387914,-66.146291
-17.375887,-66.134042
-17.397434,-66.146693
-17.396167,-66.139571
-17.390290,-66.140651
-17.374911,-66.135075
-17.388307,-66.148821
-17.393721,-66.146211
-17.379295,-66.135894
-17.390712,-66.135435
-17.382667,-66.142513
-17.380719,-66.144571
-17.394713,-66.131583
-17.392271,-66.148816
-17.377458,-66.137449
-17.380923,-66.143525
-17.385438,-66.147241
-17.388001,-66.142763
-17.379155,-66.134140
-17.378584,-66.134469
-17.394353,-66.132254
-17.379943,-66.132262
-17.384796,-66.150155
-17.393253,-66.145198
-17.383497,-66.148274
-17.378741,-66.142616
-17.380457,-66.143805
-17.388953,-66.141749
-17.385405,-66.142259
-17.391169,-66.138548
-17.375597,-66.132671
-17.384664,-66.140598
-17.386374,-66.144234
-17.377045,-66.141140
-17.378102,-66.134679
-17.379732,-66.149227
-17.385669,-66.149916
-17.386956,-66.149653
-17.388884,-66.146402
-17.385625,-66.147053
-17.380942,-66.146430
-17.390075,-66.133487
-17.381912,-66.146126
-17.379488,-66.149233
-17.388531,-66.140824
-17.390214,-66.134452
-17.387844,-66.148389
-17.381089,-66.134006
-17.397672,-66.142790
-17.382374,-66.144923
-17.394651,-66.141850
-17.382426,-66.141509
-17.394670,-66.143136
-17.392417,-66.141496
-17.389197,-66.144480
-17.396439,-66.139725
-17.381740,-66.138173
-17.392944,-66.132996
-17.389464,-66.133402
-17.383951,-66.142936
-17.379442,-66.136019
-17.379761,-66.149403
-17.382336,-66.140110
-17.394288,-66.143064
-17.385438,-66.147012
-17.394872,-66.138150
-17.395524,-66.147386
-17.381386,-66.147176
-17.391352,-66.134567
-17.393891,-66.139651
-17.379201,-66.138034
-17.383006,-66.148556
-17.376028,-66.136636
-17.376142,-66.133998
-17.385977,-66.140625
-17.394022,-66.141078
-17.392935,-66.133859
-17.393098,-66.130616
-17.395471,-66.138230
-17.386370,-66.146399
-17.386506,-66.149514
-17.383589,-66.142766
-17.385448,-66.145445
-17.385588,-66.148042
-17.381041,-66.147958
-17.387493,-66.145338
-17.381688,-66.138758
-17.391145,-66.141880
-17.385576,-66.145465
-17.391148,-66.140401
-17.389705,-66.142594
-17.381583,-66.143252
-17.378640,-66.142814
-17.384379,-66.140071
-17.389147,-66.135084
-17.378304,-66.136286
-17.382988,-66.140418
-17.384749,-66.144165
-17.378908,-66.132310
-17.390783,-66.137692
-17.382023,-66.137276
-17.397417,-66.146738
-17.379597,-66.147813
-17.397098,-66.138221
-17.390266,-66.145274
-17.382029,-66.144857
-17.394340,-66.131878
-17.391843,-66.148949
-17.396925,-66.140662
-17.392461,-66.138657
-17.380536,-66.134424
-17.380878,-66.137370
-17.394532,-66.129402
-17.395032,-66.138314
-17.379933,-66.140885
-17.388163,-66.149243
-17.380394,-66.135923
-17.396508,-66.141483
-17.390350,-66.134018
-17.380402,-66.133108
-17.385634,-66.145745
-17.383311,-66.145108
-17.381526,-66.137512
-17.385086,-66.143804
-17.393386,-66.135544
-17.378046,-66.144372
-17.392915,-66.143170
-17.384272,-66.148979
-17.397057,-66.140187
-17.392832,-66.145952
-17.388401,-66.147208
-17.379815,-66.143586
-17.391980,-66.142286
-17.388474,-66.147743
-17.394346,-66.145299
-17.395886,-66.146773
-17.379417,-66.141312
-17.380522,-66.148650
-17.393448,-66.142069
-17.382009,-66.144247
-17.394018,-66.137572
-17.392137,-66.144330
-17.394675,-66.132247
-17.383328,-66.141115
-17.381473,-66.133793
-17.389774,-66.133909
-17.376075,-66.134118
-17.392253,-66.144548
-17.397011,-66.141624
-17.396711,-66.145238
-17.379781,-66.147782
-17.389227,-66.143529
-17.392835,-66.143116
-17.387738,-66.140446
-17.393716,-66.146941
-17.384801,-66.147498
-17.394269,-66.138021
-17.392938,-66.134831
-17.389443,-66.148619
-17.374518,-66.134214
-17.383689,-66.148078
-17.391815,-66.146025
-17.378928,-66.131497
-17.393490,-66.140326
-17.393822,-66.145559
-17.376835,-66.135075
-17.379285,-66.138384
-17.383472,-66.150460
-17.392501,-66.141421
-17.379889,-66.151677
-17.388316,-66.142128
-17.384111,-66.139158
-17.395205,-66.141889
-17.395893,-66.144679
-17.386821,-66.144225
-17.390940,-66.148480
-17.393917,-66.133508
-17.393940,-66.129568
-17.382369,-66.140771
-17.394921,-66.135934
-17.378769,-66.142217
-17.377721,-66.136757
-17.381907,-66.146663
-17.397809,-66.144933
-17.390958,-66.135819
-17.391834,-66.147686
-17.382718,-66.147735
-17.380331,-66.131955
-17.383384,-66.147993
-17.389675,-66.149499
-17.394747,-66.140882
-17.375390,-66.135348
-17.387693,-66.143397
-17.378530,-66.144831
-17.379822,-66.138403
-17.380201,-66.147214
-17.391253,-66.143294
-17.379559,-66.144876
-17.381093,-66.147492
-17.382445,-66.146294
-17.389025,-66.137064
-17.389888,-66.145574
-17.377352,-66.137910
-17.385534,-66.150092
-17.383123,-66.150140
-17.388315,-66.140770
-17.380571,-66.142235
-17.381833,-66.135944
-17.392571,-66.143306
-17.386201,-66.142459
-17.392501,-66.136245
-17.379364,-66.133003
-17.384061,-66.142797
-17.398136,-66.144880
-17.388293,-66.144303
-17.394118,-66.133191
-17.390483,-66.144190
-17.394030,-66.134420
-17.383943,-66.139633
-17.380114,-66.135953
-17.378866,-66.139512
-17.391561,-66.133759
-17.380436,-66.132648
-17.384376,-66.148792
-17.384965,-66.149677
-17.396411,-66.131250
-17.391429,-66.144485
-17.380604,-66.150409
-17.380987,-66.146977
-17.395564,-66.146403
-17.393967,-66.129851
-17.390126,-66.137274
-17.379439,-66.145213
-17.377047,-66.140199
-17.395892,-66.147863
-17.390729,-66.139087
-17.397316,-66.144424
-17.387946,-66.142550
-17.380477,-66.141301
-17.386477,-66.144645
-17.385099,-66.148034
-17.380842,-66.146726
-17.381097,-66.132812
-17.389564,-66.146922
-17.389000,-66.141433
-17.392631,-66.142584
-17.377820,-66.138995
-17.382482,-66.143113
-17.382056,-66.149792
-17.392736,-66.136369
-17.394161,-66.139788
-17.375149,-66.133912
-17.378830,-66.135874
-17.381593,-66.144577
-17.378975,-66.135297
-17.395772,-66.145534
-17.377659,-66.141719
-17.382026,-66.143710
-17.393699,-66.146025
-17.394255,-66.141278
-17.385723,-66.149210
-17.390997,-66.132031
-17.380152,-66.149272
-17.395683,-66.131408
-17.393006,-66.141553
-17.381715,-66.143008
-17.380187,-66.151411
-17.385502,-66.147930
-17.380935,-66.133989
-17.382166,-66.135985
-17.390454,-66.138593
-17.393384,-66.131951
-17.388700,-66.134748
-17.381806,-66.146694
-17.380611,-66.149163
-17.388951,-66.134705
-17.379836,-66.135506
-17.390537,-66.143651
-17.396355,-66.144967
-17.381964,-66.141830
-17.376880,-66.138492
-17.381797,-66.145458
-17.377284,-66.133289
-17.392682,-66.132840
-17.395435,-66.129133
-17.379953,-66.136400
-17.380352,-66.142851
-17.383457,-66.144503
-17.378278,-66.139778
-17.379777,-66.142177
-17.389469,-66.138580
-17.381586,-66.151369
-17.380047,-66.143346
-17.394014,-66.143531
-17.396363,-66.147292
-17.389520,-66.140187
-17.379088,-66.146198
-17.389312,-66.146835
-17.378617,-66.131318
-17.374629,-66.133347
-17.397314,-66.146962
-17.392833,-66.145892
-17.393101,-66.133811
-17.390458,-66.148683
-17.389556,-66.147696
-17.393133,-66.142256
-17.394325,-66.139297
-17.386469,-66.140447
-17.397698,-66.139392
-17.380245,-66.137700
-17.379630,-66.132771
-17.380975,-66.145151
-17.377971,-66.134160
-17.394496,-66.134878
-17.394037,-66.137649
-17.380068,-66.131395
-17.380234,-66.141790
-17.392223,-66.142163
-17.380092,-66.148216
-17.384994,-66.144853
-17.394193,-66.147525
-17.384997,-66.140018
-17.377233,-66.140690
-17.388448,-66.148269
-17.389489,-66.143882
-17.380999,-66.130939
-17.391213,-66.135098
-17.397239,-66.147239
-17.385567,-66.147079
-17.391407,-66.132709
-17.394807,-66.129978
-17.385060,-66.143915
-17.382287,-66.146582
-17.392112,-66.144374
-17.376047,-66.133927
-17.396703,-66.132457
-17.386969,-66.145487
-17.385687,-66.149837
-17.393394,-66.144193
-17.388752,-66.148561
-17.381340,-66.137159
-17.383990,-66.149098
-17.381976,-66.140002
-17.397097,-66.145949
-17.383388,-66.150510
-17.376549,-66.136142
-17.380652,-66.142717
-17.389332,-66.133415
-17.391200,-66.135146
-17.392743,-66.147700
-17.379048,-66.143814
-17.391751,-66.138938
-17.389803,-66.147818
-17.396944,-66.144588
-17.395640,-66.146912
-17.394853,-66.133593
-17.384175,-66.143719
-17.389212,-66.142120
-17.398090,-66.144948
-17.394148,-66.147685
-17.387380,-66.148610
-17.394577,-66.141993
-17.376477,-66.133174
-17.396219,-66.142027
-17.383584,-66.150608
-17.392578,-66.132548
-17.397973,-66.146095
-17.381070,-66.150587
-17.378216,-66.138375
-17.387960,-66.138461
-17.383939,-66.144676
-17.378438,-66.141749
-17.377067,-66.133780
-17.388084,-66.148032
-17.386233,-66.141217
-17.395233,-66.145100
-17.375642,-66.135277
-17.376655,-66.133259
-17.382345,-66.138663
-17.378661,-66.135466
-17.396004,-66.145464
-17.381184,-66.150623
-17.380888,-66.150121
-17.381754,-66.143949
-17.395731,-66.143598
-17.383399,-66.146216
-17.381376,-66.146365
-17.392385,-66.141316
-17.387419,-66.147997
-17.389934,-66.139025
-17.380633,-66.150641
-17.395722,-66.136394
-17.380402,-66.143997
-17.395917,-66.132588
-17.380544,-66.136615
-17.392050,-66.143419
-17.384807,-66.150655
-17.381741,-66.144910
-17.380763,-66.146434
-17.376717,-66.137760
-17.381197,-66.139078
-17.391631,-66.136547
-17.385612,-66.142227
-17.378893,-66.136512
-17.390865,-66.140968
-17.395148,-66.137838
-17.381917,-66.147236
-17.382681,-66.144725
-17.396209,-66.130643
-17.381956,-66.144660
-17.378643,-66.140410
-17.391684,-66.135806
-17.389938,-66.148093
-17.376419,-66.133684
-17.383401,-66.150297
-17.381986,-66.148766
-17.395884,-66.141293
-17.397160,-66.139175
-17.378885,-66.132694
-17.381691,-66.146460
-17.377307,-66.141948
-17.380042,-66.148056
-17.390373,-66.137325
-17.392894,-66.147213
-17.393464,-66.143444
-17.394048,-66.147962
-17.392009,-66.131903
-17.389166,-66.147567
-17.394784,-66.129349
-17.392802,-66.134364
-17.385431,-66.141507
-17.393037,-66.144215
-17.389276,-66.139680
-17.383953,-66.145550
-17.376426,-66.131899
-17.394853,-66.143754
-17.382127,-66.138975
-17.391713,-66.143233
-17.378520,-66.138164
-17.379477,-66.146095
-17.395093,-66.135236
-17.378344,-66.132938
-17.378772,-66.141426
-17.392550,-66.147639
-17.392496,-66.147710
-17.379885,-66.150237
-17.394619,-66.143228
-17.396166,-66.141412
-17.386828,-66.147996
-17.387942,-66.139076
-17.390953,-66.146943
-17.387438,-66.143299
-17.392390,-66.131498
-17.376984,-66.134286
-17.376656,-66.135667
-17.387445,-66.138649
-17.396082,-66.143209
-17.389687,-66.136809
-17.396114,-66.129801
-17.375697,-66.133747
-17.386168,-66.145442
-17.378322,-66.134273
-17.394973,-66.131994
-17.379735,-66.150822
-17.380159,-66.133684
-17.390017,-66.147547
-17.391838,-66.141972
-17.378797,-66.131795
-17.390291,-66.143604
-17.386592,-66.149887
-17.389207,-66.143577
-17.392869,-66.138526
-17.382008,-66.134163
-17.382428,-66.145598
-17.381494,-66.134284
-17.387828,-66.139432
-17.382244,-66.138142
-17.389295,-66.142085
-17.392937,-66.148475
-17.380982,-66.140291
-17.382756,-66.139953
-17.382055,-66.141169
-17.384535,-66.145039
-17.392449,-66.142295
-17.395440,-66.138568
-17.384588,-66.143338
-17.389315,-66.141935
-17.394095,-66.143136
-17.387635,-66.141022
-17.382108,-66.151089
-17.385651,-66.140132
-17.390110,-66.134062
-17.385484,-66.147030
-17.377663,-66.131703
-17.380638,-66.145553
-17.395457,-66.142803
-17.383687,-66.142222
-17.388893,-66.136760
-17.394405,-66.132201
-17.395049,-66.135862
-17.389374,-66.139212
-17.393561,-66.141772
-17.394493,-66.132151
-17.384038,-66.147285
-17.393937,-66.141658
-17.376358,-66.137803
-17.397448,-66.138391
-17.396057,-66.129163
-17.391040,-66.147873
-17.398248,-66.146917
-17.379211,-66.146317
-17.386837,-66.148863
-17.395623,-66.130590
-17.385095,-66.146947
-17.391784,-66.138398
-17.387011,-66.139893
-17.393741,-66.138614
-17.395670,-66.130300
-17.389509,-66.142524
-17.386197,-66.144624
-17.386477,-66.150084
-17.393084,-66.139230
-17.390125,-66.146593
-17.377577,-66.139739
-17.397379,-66.145630
-17.380563,-66.149997
-17.395898,-66.144058
-17.387850,-66.140164
-17.386075,-66.148861
-17.395008,-66.131387
-17.391848,-66.139889
-17.387488,-66.142316
-17.393708,-66.141136
-17.379615,-66.150142
-17.394072,-66.146526
-17.389647,-66.133088
-17.391336,-66.132101
-17.378848,-66.138669
-17.393451,-66.130163
-17.377830,-66.138448
-17.384107,-66.140344
-17.388937,-66.136881
-17.385149,-66.149243
-17.391264,-66.147714
-17.380084,-66.134037
-17.389749,-66.144689
-17.389794,-66.136213
-17.384655,-66.149194
-17.396185,-66.144391
-17.382005,-66.148324
-17.389447,-66.137677
-17.393722,-66.132329
-17.387824,-66.141176
-17.391007,-66.133878
-17.389247,-66.144546
-17.377524,-66.140065
-17.377066,-66.140521
-17.393472,-66.145430
-17.395596,-66.143117
-17.390443,-66.143799
-17.392400,-66.137925
-17.394616,-66.136117
-17.394784,-66.135945
-17.396075,-66.132763
-17.395045,-66.145620
-17.377982,-66.144416
-17.395908,-66.137302
-17.382964,-66.150642
-17.390955,-66.133669
-17.389453,-66.138166
-17.390162,-66.139173
-17.390840,-66.132437
-17.391413,-66.146773
-17.390255,-66.146897
-17.376160,-66.133209
-17.383279,-66.141796
-17.393593,-66.146566
-17.388701,-66.147865
-17.398220,-66.145001
-17.388960,-66.146958
-17.378356,-66.140755
-17.392429,-66.147806
-17.388031,-66.142940
-17.389725,-66.148262
-17.383948,-66.139441
-17.390374,-66.142940
-17.382691,-66.148245
-17.392670,-66.136518
-17.375356,-66.134043
-17.393157,-66.144671
-17.392891,-66.131966
-17.392435,-66.134390
-17.388835,-66.135794
-17.394854,-66.146701
-17.380691,-66.137019
-17.394683,-66.148229
-17.391576,-66.146916
-17.395721,-66.131710
-17.384343,-66.143523
-17.383757,-66.144572
-17.390496,-66.145399
-17.383146,-66.143368
-17.375897,-66.134213
-17.388407,-66.148611
-17.392596,-66.133660
-17.381274,-66.135946
-17.386624,-66.149950
-17.378183,-66.133664
-17.382944,-66.143456
-17.393372,-66.137607
-17.393545,-66.131043
-17.394111,-66.140059
-17.378009,-66.133539
-17.393030,-66.138786
-17.395885,-66.144235
-17.383972,-66.150666
-17.392357,-66.145038
-17.379106,-66.143284
-17.392929,-66.132498
-17.386393,-66.146244
-17.394354,-66.138873
-17.382369,-66.145089
-17.397684,-66.147628
-17.383678,-66.145096
-17.392601,-66.138314
-17.379392,-66.144529
-17.379602,-66.140208
-17.393689,-66.133399
-17.387698,-66.147518
-17.387044,-66.149431
-17.393319,-66.131215
-17.381136,-66.138911
-17.380132,-66.144438
-17.395363,-66.139679
-17.382426,-66.143121
-17.378945,-66.140920
-17.391846,-66.132720
-17.384186,-66.146192
-17.396583,-66.131584
-17.397646,-66.144729
-17.392222,-66.148768
-17.375851,-66.137256
-17.388558,-66.137320
-17.397834,-66.143486
-17.380321,-66.135885
-17.378543,-66.131297
-17.388737,-66.147403
-17.390911,-66.135289
-17.380916,-66.139179
-17.383909,-66.142278
-17.388797,-66.136134
-17.383223,-66.142684
-17.395442,-66.139053
-17.389865,-66.143748
-17.390035,-66.135133
-17.395888,-66.130583
-17.387703,-66.141156
-17.383683,-66.147630
-17.381790,-66.138876
-17.394414,-66.140081
-17.394275,-66.132329
-17.377220,-66.139886
-17.395120,-66.129576
-17.389335,-66.147979
-17.383820,-66.148113
-17.394887,-66.148281
-17.392538,-66.131651
-17.379140,-66.145005
-17.392507,-66.136850
-17.396328,-66.136843
-17.389842,-66.142686
-17.394820,-66.132170
-17.381543,-66.134339
-17.396447,-66.140945
-17.383849,-66.145788
-17.376955,-66.132785
-17.390524,-66.132757
-17.388582,-66.149149
-17.389335,-66.142960
-17.384513,-66.146215
-17.392560,-66.131310
-17.386129,-66.149256
-17.380275,-66.131211
-17.390016,-66.135847
-17.395442,-66.139300
-17.382709,-66.147228
-17.375500,-66.136460
-17.381345,-66.144503
-17.394914,-66.136144
-17.396736,-66.146925
-17.397556,-66.139848
-17.393963,-66.143638
-17.390306,-66.143413
-17.382006,-66.138926
-17.387746,-66.137066
-17.375887,-66.136748
-17.393078,-66.134735
-17.382413,-66.150711
-17.388141,-66.135990
-17.389661,-66.142571
-17.392116,-66.135889
-17.392739,-66.132712
-17.391386,-66.132034
-17.396315,-66.137817
-17.396119,-66.137808
-17.379371,-66.131135
-17.391879,-66.145171
-17.398442,-66.146889
-17.382345,-66.150833
-17.379101,-66.144659
-17.384396,-66.139599
-17.384870,-66.141487
-17.388133,-66.149413
-17.393870,-66.133890
-17.380546,-66.144733
-17.380293,-66.144475
-17.394791,-66.132742
-17.388639,-66.145049
-17.387689,-66.141729
-17.396064,-66.144728
-17.394486,-66.136343
-17.387726,-66.143693
-17.382019,-66.137988
-17.379882,-66.136897
-17.377225,-66.132413
-17.396229,-66.140428
-17.396608,-66.140265
-17.394833,-66.143992
-17.383007,-66.144628
-17.385199,-66.140970
-17.387729,-66.141302
-17.384652,-66.146231
-17.394807,-66.142844
-17.380216,-66.137319
-17.380060,-66.138901
-17.387050,-66.147625
-17.390115,-66.135318
-17.379958,-66.133303
-17.380109,-66.142124
-17.384088,-66.146710
-17.380910,-66.149723
-17.386019,-66.142658
-17.379406,-66.133537
-17.385214,-66.143867
-17.394410,-66.147004
-17.379075,-66.143756
-17.393436,-66.139363
-17.395723,-66.139286
-17.379375,-66.132827
-17.395360,-66.134261
-17.381924,-66.143769
-17.398023,-66.144000
-17.391280,-66.146553
-17.397312,-66.144167
-17.384685,-66.146831
-17.389694,-66.140967
-17.392266,-66.147339
-17.379986,-66.135963
-17.392991,-66.140943
-17.385070,-66.140248
-17.387305,-66.143718
-17.389420,-66.132895
-17.391188,-66.132989
-17.376341,-66.137699
-17.397874,-66.140668
-17.379928,-66.137421
-17.386183,-66.139265
-17.397356,-66.144339
-17.382645,-66.150876
-17.381499,-66.141551
-17.381937,-66.149891
-17.387688,-66.145568
-17.391252,-66.135381
-17.379514,-66.142147
-17.385498,-66.143546
-17.393855,-66.143382
-17.397574,-66.145256
-17.383876,-66.147958
-17.379241,-66.140489
-17.385999,-66.144591
-17.378275,-66.143211
-17.377462,-66.141930
-17.398138,-66.146611
-17.381381,-66.145034
-17.390627,-66.145283
-17.386057,-66.142208
-17.391911,-66.145056
-17.377199,-66.138510
-17.390828,-66.139225
-17.379450,-66.136579
-17.380246,-66.142764
-17.388617,-66.145116
-17.382128,-66.140039
-17.375498,-66.134092
-17.394105,-66.135489
-17.397196,-66.138410
-17.396049,-66.146470
-17.396906,-66.146607
-17.393294,-66.144649
-17.395429,-66.138424
-17.381049,-66.141716
-17.387113,-66.143838
-17.381066,-66.144586
-17.385292,-66.147556
-17.394504,-66.147841
-17.381984,-66.150033
-17.381503,-66.147652
-17.390047,-66.144442
-17.392011,-66.132050
-17.393275,-66.147567
-17.381808,-66.135982
-17.380161,-66.148315
-17.387990,-66.139614
-17.378030,-66.144598
-17.392980,-66.132749
-17.382649,-66.142967
-17.379851,-66.150536
-17.396758,-66.138950
-17.383097,-66.140865
-17.393445,-66.146926
-17.378215,-66.145215
-17.381834,-66.138239
-17.393854,-66.133677
-17.382251,-66.142943
-17.381194,-66.144519
-17.376848,-66.133198
-17.379885,-66.142232
-17.391229,-66.145082
-17.383173,-66.141753
-17.379764,-66.133825
-17.379233,-66.142397
-17.386024,-66.144984
-17.385758,-66.145856
-17.377949,-66.132060
-17.380886,-66.131650
-17.395873,-66.131145
-17.377855,-66.139671
-17.394840,-66.130357
-17.379217,-66.135363
-17.386620,-66.142821
-17.383540,-66.149307
-17.390515,-66.140183
-17.385369,-66.146167
-17.391420,-66.146521
-17.375925,-66.132476
-17.393891,-66.141882
-17.389787,-66.148312
-17.392519,-66.136273
-17.393483,-66.142176
-17.380654,-66.133646
-17.386821,-66.140632
-17.378671,-66.134015
-17.391640,-66.148678
-17.396599,-66.141330
-17.379990,-66.139095
-17.388700,-66.137954
-17.392513,-66.143152
-17.398276,-66.144718
-17.394582,-66.144783
-17.384471,-66.142522
-17.391230,-66.143028
-17.380491,-66.150276
-17.392845,-66.142595
-17.388094,-66.140757
-17.395787,-66.132567
-17.386907,-66.142724
-17.381417,-66.148769
-17.377742,-66.133441
-17.375739,-66.134821
-17.389250,-66.142053
-17.378541,-66.131678
-17.395756,-66.140780
-17.395687,-66.148163
-17.397021,-66.143996
-17.378652,-66.146481
-17.376289,-66.137559
-17.380865,-66.142440
-17.377372,-66.138819
-17.391279,-66.132947
-17.392008,-66.145687
-17.386623,-66.145913
-17.375632,-66.132117
-17.390802,-66.143034
-17.394438,-66.130944
-17.388720,-66.139042
-17.394838,-66.139654
-17.394862,-66.148234
-17.381336,-66.138597
-17.387421,-66.137863
-17.390557,-66.143268
-17.381436,-66.147571
-17.377228,-66.141402
-17.380661,-66.151105
-17.391452,-66.144008
-17.394277,-66.146111
-17.385333,-66.148362
-17.381302,-66.149132
-17.386378,-66.146710
-17.381217,-66.133621
-17.388772,-66.142620
-17.379865,-66.140483
-17.379071,-66.147401
-17.393324,-66.135313
-17.387038,-66.144788
-17.392646,-66.134576
-17.386014,-66.143672
-17.383150,-66.148504
-17.378121,-66.142176
-17.382336,-66.149651
-17.382370,-66.144234
-17.384968,-66.141541
-17.380015,-66.131736
-17.390728,-66.149177
-17.387693,-66.146298
-17.388329,-66.146802
-17.389227,-66.140109
-17.392030,-66.139096
-17.394265,-66.142517
-17.382486,-66.137912
-17.377145,-66.139539
-17.383675,-66.142808
-17.389285,-66.138815
-17.376345,-66.136689
-17.386810,-66.143844
-17.391888,-66.142446
-17.382822,-66.144909
-17.394002,-66.146382
-17.395084,-66.140663
-17.388992,-66.146245
-17.377588,-66.133401
-17.378623,-66.132746
-17.382758,-66.147731
-17.395997,-66.141386
-17.381805,-66.147346
-17.380617,-66.140164
-17.392514,-66.133500
-17.390085,-66.144925
-17.389653,-66.133149
-17.382315,-66.140155
-17.391735,-66.145800
-17.393366,-66.138274
-17.384548,-66.150557
-17.396046,-66.141434
-17.392048,-66.141353
-17.391987,-66.134149
-17.379870,-66.150575
-17.385922,-66.149279
-17.395399,-66.146912
-17.388662,-66.149399
-17.380238,-66.138782
-17.393951,-66.129878
-17.386698,-66.146787
-17.387530,-66.147553
-17.396717,-66.140857
-17.388210,-66.139159
-17.384454,-66.149024
-17.386811,-66.149307
-17.396208,-66.140739
-17.379364,-66.149750
-17.392553,-66.147726
-17.383379,-66.142837
-17.386811,-66.139215
-17.389937,-66.134231
-17.393414,-66.142766
-17.394349,-66.141257
-17.393056,-66.148553
-17.384416,-66.141188
-17.397634,-66.145680
-17.396478,-66.133754
-17.393260,-66.144827
-17.381181,-66.150301
-17.376635,-66.136224
-17.386627,-66.143378
-17.391175,-66.142381
-17.379208,-66.145597
-17.395559,-66.136516
-17.391116,-66.133792
-17.385516,-66.148893
-17.389742,-66.140947
-17.391827,-66.135943
-17.386004,-66.148231
-17.390280,-66.137868
-17.386428,-66.150051
-17.379920,-66.142814
-17.378690,-66.144176
-17.377421,-66.138824
-17.390519,-66.147109
-17.375359,-66.135288
-17.379023,-66.135997
-17.384456,-66.139277
-17.378816,-66.143836
-17.384771,-66.144401
-17.391135,-66.132336
-17.394068,-66.141908
-17.381203,-66.140456
-17.394647,-66.135242
-17.379450,-66.132669
-17.387057,-66.143377
-17.389987,-66.142070
-17.382213,-66.145165
-17.374793,-66.133569
-17.382573,-66.148859
-17.388779,-66.134728
-17.397660,-66.143647
-17.376906,-66.139364
-17.380266,-66.147871
-17.395665,-66.135943
-17.384201,-66.149297
-17.394806,-66.129961
-17.391573,-66.132313
-17.396962,-66.140168
-17.393129,-66.140166
-17.389203,-66.140252
-17.384318,-66.150021
-17.379359,-66.134396
-17.396146,-66.130934
-17.388740,-66.143127
-17.385317,-66.149568
-17.397144,-66.138169
-17.395369,-66.145154
-17.384031,-66.142500
-17.379390,-66.149490
-17.392109,-66.141132
-17.394846,-66.137501
-17.391292,-66.131851
-17.379933,-66.130729
-17.391362,-66.142615
-17.381781,-66.134399
-17.391178,-66.132062
-17.380183,-66.133672
-17.378700,-66.132945
-17.391256,-66.137726
-17.383598,-66.150279
-17.395347,-66.143973
-17.387114,-66.146922
-17.392588,-66.147620
-17.396991,-66.142508
-17.392349,-66.137149
-17.393931,-66.139317
-17.391549,-66.140296
-17.380040,-66.140440
-17.384708,-66.148210
-17.396761,-66.147375
-17.378570,-66.132259
-17.390126,-66.140639
-17.386901,-66.145492
-17.390334,-66.141079
-17.390909,-66.145325
-17.389089,-66.149106
-17.380122,-66.150402
-17.380123,-66.142495
-17.377820,-66.140836
-17.384366,-66.143673
-17.377929,-66.133769
-17.378420,-66.140970
-17.397490,-66.147420
-17.390447,-66.135141
-17.394808,-66.132911
-17.385041,-66.141962
-17.391399,-66.142326
-17.395724,-66.140805
-17.393619,-66.142361
-17.393109,-66.144201
-17.376704,-66.135680
-17.396401,-66.138462
-17.386467,-66.144139
-17.382309,-66.137026
-17.394225,-66.130277
-17.377862,-66.139824
-17.393750,-66.132735
-17.394936,-66.143652
-17.383734,-66.144849
-17.374938,-66.134086
-17.378688,-66.132040
-17.377864,-66.138286
-17.381488,-66.150875
-17.393543,-66.142077
-17.396458,-66.141254
-17.391823,-66.136201
-17.392797,-66.140805
-17.386919,-66.144910
-17.392052,-66.137170
-17.375569,-66.135763
-17.389931,-66.147841
-17.394055,-66.137429
-17.389295,-66.143875
-17.380710,-66.139713
-17.392876,-66.133926
-17.377549,-66.137247
-17.394251,-66.145653
-17.391137,-66.149071
-17.397025,-66.144678
-17.393533,-66.148197
-17.391895,-66.144452
-17.380587,-66.136222
-17.386642,-66.143937
-17.378709,-66.145468
-17.383257,-66.148364
-17.389153,-66.148836
-17.395824,-66.139052
-17.379916,-66.142599
-17.379315,-66.138252
-17.389960,-66.139457
-17.378938,-66.137221
-17.383380,-66.147223
-17.387580,-66.139404
-17.384926,-66.141679
-17.389498,-66.141416
-17.381710,-66.150380
-17.379737,-66.133475
-17.390329,-66.143986
-17.384550,-66.147503
-17.387319,-66.145673
-17.377359,-66.139721
-17.376160,-66.137872
-17.380492,-66.133727
-17.382536,-66.150607
-17.393656,-66.141024
-17.382445,-66.145688
-17.385709,-66.139878
-17.392684,-66.140597
-17.378280,-66.140215
-17.380751,-66.140187
-17.397852,-66.145894
-17.383063,-66.146891
-17.376968,-66.139157
-17.380313,-66.145106
-17.379379,-66.141678
-17.392067,-66.133457
-17.392221,-66.140745
-17.379573,-66.131634
-17.383622,-66.147358
-17.386948,-66.140557
-17.387724,-66.137197
-17.381922,-66.141079
-17.375152,-66.133014
-17.378946,-66.132447
-17.393193,-66.138509
-17.393294,-66.144556
-17.396676,-66.132175
-17.382574,-66.145619
-17.386866,-66.140226
-17.379957,-66.135786
-17.387428,-66.141166
-17.397763,-66.143523
-17.393548,-66.132307
-17.386473,-66.141302
-17.389201,-66.133585
-17.378789,-66.147055
-17.385172,-66.143814
-17.384777,-66.147623
-17.391544,-66.143284
-17.392978,-66.136218
-17.380997,-66.151362
-17.381044,-66.134064
-17.394096,-66.141310
-17.392735,-66.131465
-17.386096,-66.146272
-17.392163,-66.141583
-17.376368,-66.136053
-17.396132,-66.141682
-17.393863,-66.136225
-17.376571,-66.139002
-17.384905,-66.149766
-17.376763,-66.133652
-17.377796,-66.136925
-17.374907,-66.133831
-17.397275,-66.138076
-17.396515,-66.146290
-17.396347,-66.137734
-17.382101,-66.142000
-17.389866,-66.146637
-17.393164,-66.137408
-17.381596,-66.133015
-17.388101,-66.143325
-17.396873,-66.147830
-17.383528,-66.142229
-17.380312,-66.149718
-17.387120,-66.138351
-17.378832,-66.141157
-17.396258,-66.147042
-17.387478,-66.145225
-17.392655,-66.134984
-17.395767,-66.143203
-17.392454,-66.147572
-17.381518,-66.149328
-17.389060,-66.138533
-17.380694,-66.139766
-17.395525,-66.147581
-17.386759,-66.144849
-17.394296,-66.142454
-17.391585,-66.137147
-17.385722,-66.145646
-17.394765,-66.132558
-17.394386,-66.129962
-17.389647,-66.145514
-17.380022,-66.138740
-17.395216,-66.142301
-17.383082,-66.148984
-17.385264,-66.148033
-17.382227,-66.143388
-17.380808,-66.130449
-17.377035,-66.132745
-17.385309,-66.139680
-17.380247,-66.150220
-17.379948,-66.140012
-17.396752,-66.144437
-17.390937,-66.131950
-17.386594,-66.146581
-17.377131,-66.138814
-17.387430,-66.149359
-17.384495,-66.143771
-17.381302,-66.148432
-17.395695,-66.128799
-17.384407,-66.146458
-17.378019,-66.140665
-17.395551,-66.145285
-17.384889,-66.143563
-17.397256,-66.138588
-17.395018,-66.142256
-17.395533,-66.129486
-17.392215,-66.136872
-17.378253,-66.132049
-17.386447,-66.145576
-17.395530,-66.143301
-17.394933,-66.145514
-17.393798,-66.134960
-17.374797,-66.133934
-17.379227,-66.130993
-17.379875,-66.142122
-17.382329,-66.136121
-17.384228,-66.147874
-17.379423,-66.132792
-17.384253,-66.149783
-17.389231,-66.139805
-17.391563,-66.147662
-17.381376,-66.147660
-17.382937,-66.141182
-17.378826,-66.143252
-17.394752,-66.131563
-17.393200,-66.132525
-17.379266,-66.135708
-17.378817,-66.146964
-17.382433,-66.141673
-17.390693,-66.135638
-17.387153,-66.145459
-17.391091,-66.144148
-17.386592,-66.143264
-17.394211,-66.140134
-17.389504,-66.132824
-17.387173,-66.138788
-17.378786,-66.145695
-17.388206,-66.147143
-17.390327,-66.145988
-17.397546,-66.144818
-17.385125,-66.143286
-17.384934,-66.147177
-17.384374,-66.146459
-17.389654,-66.135942
-17.394302,-66.144343
-17.394919,-66.138942
-17.386744,-66.148195
-17.395665,-66.139761
-17.384384,-66.140631
-17.390286,-66.134668
-17.380850,-66.141773
-17.380038,-66.133844
-17.391661,-66.139909
-17.377648,-66.137742
-17.383488,-66.143633
-17.393985,-66.132446
-17.388772,-66.147677
-17.394300,-66.146887
-17.389480,-66.133549
-17.387970,-66.137364
-17.386724,-66.146686
-17.396262,-66.143904
-17.389907,-66.134991
-17.380032,-66.140624
-17.394396,-66.137425
-17.383703,-66.141910
-17.396170,-66.132302
-17.391921,-66.137242
-17.377253,-66.136190
-17.394455,-66.138881
-17.393951,-66.143352
-17.390137,-66.141759
-17.386667,-66.144288
-17.389821,-66.142034
-17.385710,-66.142928
-17.395643,-66.129048
-17.375574,-66.136607
-17.395253,-66.140229
-17.381044,-66.146973
-17.390257,-66.142028
-17.386618,-66.142965
-17.380681,-66.147437
-17.388439,-66.142733
-17.386015,-66.146595
-17.380044,-66.144695
-17.394251,-66.129646
-17.391738,-66.140865
-17.387315,-66.137880
-17.378309,-66.132256
-17.397917,-66.146833
-17.396405,-66.141559
-17.387260,-66.140175
-17.383527,-66.148068
-17.393892,-66.136105
-17.396476,-66.136989
-17.395759,-66.138672
-17.394576,-66.131516
-17.384447,-66.140647
-17.390801,-66.144552
-17.393617,-66.130758
-17.396001,-66.133530
-17.388598,-66.146604
-17.381437,-66.138502
-17.378360,-66.145442
-17.393345,-66.148378
-17.389542,-66.147729
-17.382253,-66.146653
-17.381985,-66.147915
-17.382849,-66.149734
-17.395956,-66.136398
-17.393854,-66.134554
-17.394712,-66.134524
-17.394802,-66.141393
-17.386658,-66.140991
-17.383324,-66.145095
-17.394858,-66.141670
-17.379276,-66.144850
-17.389172,-66.138883
-17.390565,-66.137648
-17.377638,-66.131403
-17.385689,-66.148320
-17.375525,-66.136407
-17.382654,-66.150042
-17.381474,-66.142378
-17.380625,-66.151333
-17.376604,-66.135595
-17.385053,-66.142635
-17.382236,-66.141171
-17.383881,-66.150610
-17.381490,-66.147580
-17.380308,-66.146473
-17.379309,-66.131081
-17.381783,-66.149698
-17.392352,-66.148472
-17.395777,-66.140440
-17.378444,-66.133238
-17.387675,-66.141638
-17.384975,-66.144677
-17.393151,-66.148271
-17.397902,-66.141545
-17.380950,-66.141603
-17.394844,-66.136311
-17.394707,-66.131968
-17.385804,-66.138938
-17.379733,-66.131034
-17.377042,-66.138514
-17.392311,-66.134756
-17.395180,-66.145636
-17.393844,-66.141526
-17.378594,-66.143534
-17.388009,-66.147241
-17.380567,-66.151372
-17.381887,-66.150573
-17.389063,-66.133714
-17.380329,-66.150613
-17.380093,-66.142380
-17.385456,-66.142035
-17.391389,-66.133878
-17.394367,-66.137621
-17.379176,-66.137724
-17.395508,-66.136832
-17.381708,-66.143253
-17.392143,-66.134723
-17.388727,-66.135504
-17.389964,-66.132736
-17.374647,-66.133649
-17.379432,-66.141480
-17.378574,-66.140454
-17.380451,-66.149076
-17.395489,-66.137166
-17.379942,-66.148877
-17.388734,-66.137822
-17.396697,-66.132983
-17.376932,-66.135034
-17.394565,-66.129316
-17.380330,-66.130584
-17.386233,-66.140257
-17.390536,-66.145860
-17.379406,-66.143562
-17.391994,-66.135166
-17.380757,-66.151448
-17.380886,-66.131410
-17.387501,-66.145100
-17.391201,-66.139985
-17.397571,-66.142074
-17.389740,-66.140777
-17.389771,-66.136343
-17.377673,-66.134547
-17.393052,-66.139981
-17.395312,-66.139094
-17.381218,-66.147234
-17.382404,-66.151046
-17.379382,-66.140293
-17.385921,-66.144795
-17.397298,-66.139364
-17.383706,-66.149818
-17.385032,-66.149251
-17.377874,-66.138643
-17.387412,-66.142103
-17.396246,-66.130119
-17.388831,-66.146619
-17.389270,-66.132987
-17.392673,-66.148714
-17.378017,-66.143765
-17.377192,-66.140061
-17.379546,-66.148031
-17.376410,-66.135462
-17.395264,-66.131843
-17.389521,-66.134813
-17.385459,-66.140725
-17.380408,-66.141030
-17.380063,-66.139298
-17.390084,-66.140856
-17.375977,-66.133786
-17.387134,-66.148966
-17.380649,-66.138116
-17.387415,-66.144247
-17.390636,-66.149359
-17.395714,-66.130562
-17.391060,-66.146140
-17.393856,-66.141198
-17.389206,-66.138270
-17.376482,-66.134386
-17.385953,-66.142625
-17.394049,-66.136644
-17.385396,-66.145236
-17.380412,-66.151299
-17.381708,-66.139414
-17.395259,-66.140360
-17.386293,-66.147897
-17.387762,-66.144980
-17.389496,-66.149327
-17.380188,-66.132187
-17.389871,-66.139251
-17.379709,-66.131103
-17.380326,-66.134563
-17.395045,-66.133278
-17.388141,-66.143641
-17.394653,-66.137102
-17.392622,-66.140297
-17.379003,-66.137613
-17.388900,-66.137337
-17.377707,-66.134166
-17.376161,-66.135764
-17.378037,-66.134399
-17.380222,-66.142287
-17.394810,-66.128598
-17.393766,-66.145765
-17.389432,-66.135431
-17.381659,-66.143871
-17.389405,-66.144687
-17.377141,-66.133254
-17.389026,-66.140322
-17.388851,-66.136305
-17.393264,-66.135057
-17.381407,-66.143965
-17.397896,-66.140996
-17.378660,-66.147147
-17.388604,-66.140846
-17.397998,-66.146393
-17.385778,-66.145442
-17.390896,-66.136296
-17.385230,-66.141360
-17.382839,-66.146863
-17.391679,-66.133953
-17.377077,-66.136557
-17.390229,-66.145463
-17.385676,-66.149757
-17.379752,-66.142644
-17.386398,-66.139734
-17.378528,-66.131751
-17.382119,-66.141031
-17.396217,-66.130326
-17.395712,-66.136306
-17.386003,-66.147079
-17.393436,-66.144147
-17.374579,-66.134520
-17.387422,-66.141101
-17.378933,-66.136781
-17.387649,-66.148490
-17.385689,-66.145621
-17.391279,-66.145529
-17.395676,-66.134004
-17.377698,-66.139341
-17.384552,-66.139712
-17.390399,-66.137518
-17.379831,-66.149429
-17.388058,-66.143674
-17.391673,-66.132570
-17.395436,-66.131002
-17.393517,-66.138144
-17.393353,-66.130266
-17.382459,-66.143046
-17.378819,-66.137110
-17.379540,-66.148666
-17.391699,-66.147391
-17.378812,-66.143637
-17.382850,-66.147204
-17.393494,-66.148060
-17.395267,-66.138666
-17.391149,-66.142706
-17.391064,-66.144607
-17.377538,-66.135133
-17.377031,-66.132957
-17.378453,-66.146111
-17.396298,-66.142917
-17.382569,-66.149688
-17.379154,-66.132565
-17.381603,-66.139115
-17.387015,-66.148875
-17.392179,-66.145842
-17.392037,-66.144029
-17.382674,-66.145298
-17.397963,-66.144442
-17.392168,-66.138680
-17.380924,-66.150327
-17.380656,-66.144511
-17.387874,-66.142928
-17.387810,-66.149123
-17.388782,-66.140276
-17.394495,-66.129666
-17.396623,-66.147891
-17.391841,-66.141355
-17.389347,-66.143630
-17.397965,-66.146024
-17.378638,-66.145161
-17.390614,-66.146916
-17.390971,-66.134467
-17.378561,-66.145874
-17.381663,-66.142580
-17.396389,-66.140435
-17.380135,-66.137781
-17.387434,-66.146641
-17.393117,-66.139830
-17.396869,-66.144881
-17.389534,-66.138958
-17.394951,-66.146719
-17.398115,-66.144580
-17.377888,-66.132217
-17.379903,-66.134586
-17.396769,-66.145777
-17.395143,-66.134212
-17.384026,-66.140401
-17.377861,-66.133428
-17.376768,-66.136255
-17.396963,-66.145849
-17.379131,-66.145420
-17.396050,-66.137076
-17.390415,-66.144648
-17.394971,-66.143397
-17.380904,-66.150128
-17.384202,-66.144763
-17.383750,-66.140963
-17.384361,-66.145702
-17.387989,-66.143900
-17.381807,-66.133862
-17.390419,-66.132430
-17.387830,-66.147918
-17.391440,-66.139565
-17.394610,-66.143936
-17.380679,-66.147522
-17.389333,-66.138597
-17.396703,-66.141777
-17.394070,-66.142727
-17.390839,-66.137571
-17.383857,-66.150629
-17.393576,-66.137779
-17.377876,-66.138713
-17.384328,-66.150015
-17.378839,-66.135943
-17.387246,-66.143480
-17.376897,-66.140629
-17.389026,-66.134820
-17.394679,-66.129046
-17.381990,-66.146550
-17.392231,-66.133947
-17.393655,-66.139120
-17.390691,-66.142985
-17.381856,-66.136123
-17.386598,-66.147309
-17.388504,-66.146591
-17.375823,-66.134364
-17.380536,-66.132144
-17.389348,-66.141759
-17.379034,-66.140254
-17.387721,-66.145539
-17.382257,-66.141718
-17.379968,-66.139552
-17.385812,-66.149970
-17.379400,-66.130710
-17.378500,-66.142850
-17.383105,-66.139871
-17.393388,-66.133850
-17.393137,-66.142275
-17.396951,-66.142234
-17.383700,-66.147915
-17.378313,-66.137241
-17.384217,-66.148785
-17.386371,-66.145419
-17.382038,-66.150691
-17.391086,-66.134156
-17.387011,-66.148851
-17.383285,-66.142319
-17.397243,-66.139844
-17.380809,-66.146002
-17.394516,-66.143766
-17.386831,-66.138404
-17.389836,-66.141634
-17.385056,-66.149425
-17.396121,-66.130317
-17.384782,-66.146491
-17.393735,-66.138146
-17.393265,-66.141687
-17.389843,-66.134203
-17.378305,-66.139101
-17.391941,-66.140922
-17.383176,-66.148121
-17.388497,-66.145469
-17.389675,-66.138778
-17.397985,-66.142652
-17.392242,-66.143490
-17.378446,-66.136568
-17.395174,-66.141702
-17.381366,-66.143222
-17.396521,-66.143873
-17.395968,-66.128997
-17.395267,-66.130284
-17.391047,-66.133523
-17.389917,-66.139745
-17.396100,-66.144575
-17.397695,-66.143149
-17.376033,-66.135274
-17.391906,-66.140069
-17.382965,-66.146773
-17.393346,-66.143896
-17.394400,-66.137182
-17.388401,-66.142050
-17.384006,-66.146970
-17.381693,-66.135923
-17.390338,-66.137424
-17.395096,-66.143273
-17.390718,-66.138247
-17.393910,-66.147506
-17.389508,-66.141210
-17.382988,-66.149325
-17.395166,-66.141869
-17.383034,-66.150587
-17.383917,-66.147990
-17.378111,-66.132294
-17.391188,-66.146160
-17.397305,-66.145688
-17.388445,-66.149306
-17.388829,-66.147202
-17.390900,-66.138632
-17.398327,-66.143687
-17.396208,-66.136804
-17.378708,-66.143696
-17.392008,-66.132578
-17.391474,-66.146869
-17.390415,-66.138852
-17.396173,-66.143779
-17.390263,-66.141422
-17.392296,-66.138882
-17.388159,-66.146493
-17.396410,-66.138925
-17.388868,-66.134716
-17.383652,-66.147913
-17.381933,-66.150875
-17.377292,-66.137406
-17.375571,-66.134839
-17.379938,-66.147360
-17.392358,-66.147716
-17.391330,-66.138604
-17.393182,-66.131259
-17.381512,-66.138478
-17.388574,-66.147284
-17.386865,-66.147837
-17.375698,-66.133006
-17.376704,-66.137330
-17.381799,-66.139009
-17.382438,-66.137605
-17.385338,-66.144710
-17.383606,-66.145125
-17.384824,-66.150034
-17.389162,-66.139767
-17.378525,-66.141063
-17.382246,-66.148241
-17.384157,-66.142151
-17.390492,-66.143011
-17.386381,-66.145633
-17.378430,-66.137548
-17.386277,-66.143158
-17.381067,-66.136639
-17.376391,-66.133983
-17.384170,-66.150332
-17.376983,-66.136895
-17.380741,-66.139268
-17.391361,-66.133029
-17.379116,-66.141813
-17.397197,-66.137912
-17.391066,-66.143183
-17.393576,-66.144112
-17.392918,-66.136606
-17.390800,-66.146748
-17.382514,-66.145263
-17.391801,-66.146497
-17.392730,-66.134268
-17.380199,-66.145484
-17.382002,-66.135779
-17.377180,-66.133990
-17.386222,-66.145437
-17.377805,-66.142509
-17.396409,-66.132559
-17.396187,-66.145364
-17.393458,-66.148505
-17.394063,-66.131094
-17.394401,-66.136016
-17.392630,-66.131368
-17.382148,-66.147956
-17.396509,-66.145699
-17.379471,-66.138026
-17.396478,-66.132693
-17.391561,-66.144696
-17.379499,-66.131613
-17.387832,-66.144776
-17.384731,-66.150392
-17.390031,-66.133770
-17.381748,-66.150223
-17.377599,-66.141591
-17.383634,-66.150334
-17.392123,-66.147259
-17.395386,-66.146509
-17.391155,-66.138665
-17.379353,-66.135907
-17.385109,-66.148838
-17.394483,-66.143681
-17.387044,-66.140879
-17.394405,-66.130012
-17.378793,-66.140120
-17.389640,-66.136340
-17.387431,-66.141778
-17.394728,-66.146600
-17.394672,-66.137922
-17.379490,-66.144489
-17.387326,-66.141768
-17.380693,-66.130569
-17.393629,-66.144066
-17.395192,-66.130363
-17.395966,-66.137808
-17.391262,-66.146976
-17.391458,-66.149154
-17.380597,-66.134863
-17.378908,-66.146605
-17.389650,-66.148098
-17.380001,-66.145033
-17.376642,-66.132520
-17.397070,-66.142023
-17.381471,-66.146235
-17.380250,-66.149325
-17.380636,-66.148667
-17.394895,-66.141711
-17.378535,-66.135105
-17.389488,-66.142882
-17.389046,-66.143008
-17.390623,-66.140392
-17.382312,-66.140922
-17.383586,-66.144906
-17.386333,-66.146002
-17.389159,-66.137586
-17.378618,-66.145317
-17.385305,-66.147185
-17.388173,-66.141074
-17.385698,-66.148394
-17.377962,-66.144271
-17.396481,-66.132395
-17.385656,-66.149696
-17.380896,-66.146264
-17.387879,-66.144720
-17.382521,-66.148339
-17.384862,-66.149589
-17.395419,-66.132717
-17.394576,-66.146681
-17.388107,-66.147221
-17.392144,-66.132601
-17.389908,-66.136563
-17.396756,-66.133269
-17.375297,-66.132609
-17.391287,-66.136901
-17.381357,-66.149060
-17.381306,-66.143137
-17.384690,-66.140019
-17.380840,-66.134195
-17.381268,-66.133240
-17.380205,-66.150040
-17.380553,-66.132827
-17.381678,-66.140404
-17.379054,-66.138313
-17.378682,-66.136672
-17.382261,-66.144256
-17.386243,-66.148768
-17.380062,-66.149246
-17.395771,-66.128753
-17.390651,-66.141012
-17.396983,-66.138012
-17.379921,-66.138015
-17.378875,-66.143927
-17.380416,-66.149849
-17.396973,-66.133675
-17.390214,-66.139858
-17.395265,-66.142085
-17.381822,-66.142113
-17.378402,-66.143998
-17.385756,-66.142390
-17.387497,-66.140889
-17.377726,-66.136578
-17.393320,-66.133307
-17.394980,-66.136242
-17.379342,-66.146692
-17.379339,-66.140828
-17.381058,-66.141596
-17.386976,-66.138446
-17.395240,-66.139398
-17.381101,-66.140718
-17.395635,-66.132714
-17.393734,-66.138458
-17.396429,-66.144091
-17.396441,-66.134214
-17.378532,-66.143590
-17.395178,-66.129431
-17.388865,-66.149190
-17.385749,-66.147538
-17.388940,-66.147340
-17.382076,-66.136739
-17.381587,-66.140746
-17.385554,-66.146952
-17.385822,-66.149305
-17.379229,-66.134335
-17.383882,-66.147716
-17.393790,-66.144536
-17.395139,-66.139693
-17.395819,-66.129265
-17.381373,-66.145084
-17.395355,-66.144910
-17.388093,-66.143042
-17.379860,-66.132458
-17.391062,-66.144500
-17.388003,-66.141757
-17.388020,-66.147289
-17.378965,-66.130972
-17.383684,-66.149365
-17.384702,-66.150519
-17.384294,-66.143341
-17.381875,-66.144097
-17.379504,-66.149913
-17.390331,-66.148308
-17.394310,-66.145043
-17.379649,-66.133365
-17.381435,-66.145431
-17.389137,-66.145938
-17.380597,-66.138908
-17.387015,-66.140255
-17.395761,-66.140180
-17.387702,-66.149971
-17.393099,-66.143415
-17.381735,-66.150406
-17.382113,-66.134361
-17.381309,-66.148785
-17.381530,-66.144293
-17.382814,-66.140604
-17.387901,-66.147000
-17.390775,-66.132220
-17.379365,-66.145805
-17.379999,-66.134457
-17.392331,-66.139642
-17.396234,-66.137494
-17.386478,-66.145959
-17.391517,-66.135519
-17.376472,-66.138828
-17.392697,-66.133296
-17.381848,-66.142705
-17.378779,-66.138873
-17.392965,-66.135047
-17.385594,-66.145368
-17.393457,-66.146644
-17.376703,-66.132802
-17.381476,-66.142583
-17.390437,-66.133014
-17.394380,-66.133890
-17.395563,-66.131005
-17.391401,-66.148857
-17.386508,-66.145947
-17.378373,-66.138869
-17.394346,-66.130427
-17.384942,-66.143390
-17.376354,-66.131775
-17.383533,-66.139387
-17.386967,-66.147391
-17.378086,-66.138628
-17.389602,-66.137518
-17.393582,-66.140056
-17.383050,-66.144096
-17.397628,-66.138033
-17.378216,-66.144056
-17.380317,-66.132198
-17.383053,-66.141920
-17.390618,-66.140476
-17.390682,-66.148009
-17.389215,-66.134785
-17.394160,-66.136889
-17.386313,-66.146534
-17.391198,-66.136739
-17.382710,-66.144342
-17.392736,-66.132671
-17.381037,-66.136968
-17.388963,-66.134022
-17.384477,-66.146496
-17.378375,-66.136510
-17.379526,-66.132252
-17.397926,-66.141488
-17.389852,-66.146387
-17.381271,-66.138867
-17.387848,-66.138307
-17.397318,-66.144600
-17.389008,-66.134448
-17.383847,-66.144872
-17.395381,-66.144624
-17.383754,-66.147381
-17.392611,-66.139078
-17.395296,-66.134183
-17.389249,-66.149420
-17.388945,-66.136095
-17.380201,-66.146680
-17.393610,-66.144681
-17.380930,-66.144384
-17.380499,-66.147991
-17.381085,-66.142017
-17.387068,-66.147622
-17.379190,-66.136607
-17.395149,-66.132545
-17.396465,-66.146764
-17.382685,-66.141914
-17.381814,-66.140323
-17.393436,-66.147888
-17.395558,-66.138153
-17.376174,-66.133897
-17.394138,-66.131132
-17.395546,-66.144577
-17.375365,-66.135419
-17.393213,-66.136850
-17.381210,-66.143045
-17.396681,-66.141877
-17.380827,-66.136964
-17.383127,-66.149284
-17.391107,-66.132104
-17.379487,-66.131047
-17.391516,-66.141915
-17.390482,-66.138179
-17.391836,-66.144497
-17.381324,-66.150791
-17.385727,-66.149243
-17.385243,-66.142783
-17.377796,-66.134332
-17.379456,-66.142310
-17.376916,-66.134162
-17.377474,-66.136045
-17.391228,-66.141065
-17.377158,-66.134726
-17.379832,-66.146278
-17.396983,-66.138206
-17.382651,-66.148621
-17.389100,-66.143223
-17.380771,-66.137964
-17.390662,-66.141930
-17.378555,-66.131786
-17.390541,-66.134390
-17.390206,-66.142204
-17.381428,-66.143830
-17.394716,-66.130155
-17.382957,-66.140489
-17.391057,-66.137357
-17.395386,-66.137640
-17.387281,-66.144826
-17.390828,-66.145643
-17.390947,-66.148272
-17.394111,-66.140085
-17.376434,-66.133608
-17.396069,-66.146478
-17.386341,-66.142498
-17.393376,-66.133224
-17.395053,-66.131290
-17.374977,-66.133185
-17.380461,-66.147436
-17.382103,-66.137516
-17.397128,-66.143899
-17.395605,-66.129082
-17.384594,-66.149271
-17.381520,-66.143145
-17.391484,-66.145318
-17.379586,-66.134144
-17.396013,-66.145190
-17.376389,-66.132571
-17.391087,-66.134727
-17.396105,-66.132325
-17.393186,-66.135852
-17.393935,-66.143719
-17.389163,-66.149334
-17.395849,-66.141354
-17.393008,-66.130947
-17.393484,-66.134466
-17.392949,-66.142408
-17.382958,-66.150708
-17.391960,-66.132823
-17.394313,-66.134357
-17.392503,-66.132681
-17.391428,-66.138185
-17.378865,-66.139928
-17.388786,-66.149238
-17.389147,-66.143852
-17.387457,-66.139173
-17.378635,-66.146724
-17.398095,-66.143045
-17.377464,-66.134153
-17.384841,-66.147266
-17.387732,-66.139904
-17.397077,-66.144755
-17.391097,-66.146525
-17.395499,-66.128327
-17.395170,-66.139871
-17.380836,-66.142786
-17.395979,-66.141112
-17.380242,-66.133625
-17.391635,-66.146341
-17.390856,-66.132368
-17.377126,-66.132215
-17.384589,-66.148855
-17.397527,-66.138087
-17.384548,-66.146992
-17.395209,-66.136378
-17.380224,-66.143730
-17.393279,-66.132271
-17.396785,-66.144293
-17.389650,-66.149590
-17.388487,-66.134889
-17.385687,-66.145857
-17.387161,-66.141608
-17.390212,-66.144702
-17.394735,-66.133044
-17.395235,-66.145280
-17.377091,-66.137893
-17.392703,-66.146035
-17.389699,-66.139231
-17.392448,-66.136848
-17.382162,-66.149673
-17.394517,-66.129837
-17.391363,-66.136528
-17.396640,-66.137472
-17.382057,-66.135051
-17.382763,-66.151060
-17.392009,-66.146139
-17.394177,-66.132075
-17.382551,-66.150120
-17.394633,-66.134110
-17.396446,-66.141317
-17.386063,-66.146056
-17.395766,-66.146454
-17.382690,-66.140292
-17.380130,-66.148660
-17.379594,-66.137324
-17.390529,-66.132704
-17.380725,-66.148725
-17.385581,-66.147186
-17.388206,-66.135448
-17.381868,-66.142925
-17.383733,-66.146075
-17.388183,-66.145150
-17.378956,-66.136158
-17.388478,-66.139174
-17.375119,-66.134077
-17.379062,-66.133558
-17.391594,-66.146116
-17.377942,-66.144323
-17.379319,-66.142173
-17.392504,-66.140054
-17.386163,-66.148277
-17.388775,-66.137106
-17.389191,-66.136751
-17.395703,-66.134146
-17.375073,-66.134963
-17.392758,-66.148587
-17.395921,-66.144902
-17.386733,-66.143336
-17.377198,-66.133133
-17.381602,-66.142496
-17.391398,-66.138260
-17.389021,-66.139913
-17.383222,-66.149103
-17.389566,-66.139406
-17.387494,-66.143212
-17.380816,-66.149734
-17.381022,-66.134868
-17.392615,-66.136661
-17.388371,-66.145803
-17.378011,-66.141152
-17.379713,-66.139004
-17.395345,-66.132965
-17.389053,-66.144576
-17.398228,-66.145547
-17.386717,-66.140347
-17.381612,-66.140656
-17.395286,-66.142248
-17.390155,-66.147006
-17.390431,-66.147779
-17.397050,-66.141292
-17.381353,-66.140022
-17.375652,-66.132229
-17.389203,-66.137990
-17.386148,-66.148101
-17.396138,-66.142332
-17.396191,-66.132337
-17.381065,-66.134394
-17.392412,-66.135497
-17.396690,-66.142029
-17.382911,-66.141354
-17.385602,-66.150244
-17.384226,-66.140577
-17.376159,-66.136624
-17.388606,-66.141974
-17.393472,-66.138679
-17.381754,-66.136527
-17.374702,-66.133799
-17.387831,-66.145605
-17.391327,-66.147133
-17.392710,-66.143664
-17.382707,-66.143151
-17.392113,-66.131518
-17.396640,-66.133600
-17.393036,-66.134601
-17.397334,-66.145757
-17.390711,-66.148160
-17.395165,-66.130761
-17.385132,-66.150283
-17.379846,-66.147126
-17.388343,-66.149538
-17.393452,-66.132284
-17.390683,-66.133679
-17.378274,-66.137041
-17.376905,-66.137954
-17.391795,-66.140902
-17.396778,-66.146747
-17.379376,-66.148819
-17.376019,-66.132921
-17.376296,-66.134649
-17.383982,-66.139824
-17.375318,-66.135421
-17.397508,-66.138981
-17.380296,-66.130783
-17.380279,-66.141673
-17.394349,-66.146167
-17.382115,-66.144954
-17.386020,-66.145385
-17.379332,-66.136511
-17.384230,-66.150663
-17.379951,-66.141695
-17.382798,-66.142318
-17.385554,-66.142473
-17.388849,-66.136449
-17.385474,-66.146478
-17.396334,-66.144995
-17.386051,-66.149894
-17.392129,-66.137567
-17.386874,-66.146495
-17.394787,-66.139861
-17.381427,-66.132535
-17.394117,-66.130940
-17.390921,-66.139141
-17.386293,-66.139146
-17.394869,-66.139223
-17.388410,-66.141695
-17.386559,-66.149245
-17.379630,-66.140997
-17.395057,-66.135722
-17.389374,-66.149616
-17.389700,-66.136150
-17.383928,-66.147607
-17.381840,-66.137206
-17.378194,-66.142734
-17.395865,-66.141793
-17.388566,-66.134839
-17.383429,-66.148517
-17.395434,-66.145843
-17.380098,-66.151279
-17.382822,-66.140091
-17.386362,-66.145034
-17.378130,-66.140731
-17.380760,-66.145135
-17.388211,-66.148954
-17.390997,-66.135199
-17.386639,-66.140977
-17.392489,-66.145984
-17.386461,-66.142710
-17.378340,-66.142356
-17.377345,-66.135908
-17.379489,-66.148069
-17.380787,-66.141639
-17.386778,-66.148224
-17.375721,-66.136354
-17.379279,-66.136558
-17.382246,-66.150579
-17.391745,-66.136603
-17.380836,-66.146400
-17.385152,-66.139178
-17.380342,-66.146019
-17.381393,-66.139582
-17.385365,-66.146263
-17.390232,-66.141374
-17.386919,-66.150184
-17.380076,-66.136200
-17.382284,-66.135383
-17.386191,-66.146301
-17.383062,-66.143768
-17.377108,-66.134377
-17.393665,-66.137211
-17.391065,-66.134710
-17.380436,-66.139783
-17.391974,-66.143842
-17.387748,-66.142812
-17.397327,-66.147768
-17.395150,-66.128412
-17.385272,-66.143863
-17.377333,-66.137866
-17.379535,-66.135608
-17.396275,-66.131915
-17.383122,-66.140636
-17.395018,-66.144840
-17.392955,-66.132188
-17.394840,-66.134525
-17.396005,-66.139992
-17.393923,-66.137553
-17.392215,-66.145707
-17.379248,-66.133634
-17.381668,-66.144458
-17.389983,-66.147786
-17.391812,-66.141761
-17.382064,-66.142859
-17.380611,-66.131972
-17.391628,-66.140549
-17.393765,-66.140237
-17.389123,-66.146822
-17.387663,-66.141559
-17.392883,-66.130923
-17.388817,-66.138559
-17.396835,-66.133838
-17.384430,-66.146518
-17.392378,-66.141560
-17.387250,-66.139918
-17.382474,-66.142055
-17.380919,-66.134359
-17.396143,-66.133126
-17.379749,-66.144751
-17.386183,-66.139539
-17.383460,-66.140321
-17.393781,-66.137969
-17.379030,-66.136183
-17.391627,-66.140888
-17.398619,-66.146691
-17.385610,-66.140071
-17.387490,-66.144356
-17.387113,-66.140626
-17.389920,-66.138462
-17.384581,-66.141774
-17.395376,-66.130484
-17.388470,-66.139066
-17.386619,-66.149293
-17.384757,-66.143544
-17.385927,-66.147741
-17.397010,-66.142893
-17.383966,-66.145991
-17.397310,-66.138936
-17.393475,-66.136486
-17.378757,-66.134047
-17.389261,-66.145190
-17.392736,-66.147166
-17.378977,-66.138852
-17.392551,-66.131808
-17.380262,-66.139901
-17.390607,-66.145262
-17.390019,-66.147976
-17.388174,-66.145949
-17.379018,-66.147238
-17.381803,-66.147934
-17.387782,-66.149940
-17.393383,-66.135773
-17.375407,-66.135441
-17.388591,-66.142603
-17.386742,-66.139277
-17.377678,-66.131388
-17.397351,-66.138849
-17.388424,-66.141264
-17.390486,-66.139748
-17.378363,-66.142574
-17.385250,-66.139913
-17.391133,-66.142020
-17.393225,-66.135655
-17.397748,-66.142178
-17.378183,-66.141416
-17.380850,-66.140762
-17.382771,-66.148002
-17.382285,-66.141915
-17.379721,-66.134746
-17.381698,-66.135520
-17.386122,-66.145993
-17.388112,-66.140194
-17.382783,-66.144402
-17.388689,-66.145743
-17.392228,-66.147835
-17.391851,-66.135708
-17.384714,-66.143693
-17.384804,-66.140774
-17.393119,-66.138129
-17.393519,-66.131794
-17.391342,-66.139363
-17.390542,-66.139252
-17.396433,-66.146234
-17.387151,-66.144865
-17.380044,-66.147111
-17.382768,-66.149580
-17.392177,-66.140099
-17.395680,-66.134396
-17.381147,-66.135403
-17.380643,-66.149665
-17.384417,-66.141193
-17.382784,-66.149628
-17.397373,-66.139310
-17.381499,-66.145491
-17.397410,-66.146670
-17.393075,-66.142524
-17.376732,-66.132557
-17.394942,-66.139098
-17.388950,-66.139700
-17.381574,-66.149183
-17.392659,-66.145271
-17.382160,-66.146674
-17.388836,-66.134886
-17.380448,-66.132411
-17.380233,-66.148990
-17.393439,-66.133403
-17.397942,-66.145939
-17.380073,-66.136169
-17.396421,-66.133456
-17.381698,-66.137939
-17.378575,-66.131846
-17.389546,-66.143985
-17.377481,-66.134007
-17.385310,-66.143085
-17.383738,-66.148933
-17.393249,-66.141287
-17.384946,-66.146561
-17.393884,-66.133404
-17.392979,-66.140852
-17.379539,-66.140835
-17.381890,-66.136294
-17.396056,-66.139655
-17.384220,-66.149839
-17.375568,-66.134615
-17.383059,-66.142591
-17.388858,-66.148388
-17.394962,-66.134419
-17.378393,-66.134368
-17.395238,-66.133297
-17.394713,-66.147455
-17.395545,-66.141772
-17.379808,-66.131696
-17.378987,-66.146110
-17.396247,-66.130457
-17.388118,-66.136538
-17.392297,-66.131270
-17.386680,-66.149136
-17.379926,-66.131227
-17.392593,-66.132959
-17.377778,-66.135532
-17.379662,-66.136516
-17.388652,-66.137927
-17.379864,-66.139453
-17.389224,-66.140345
-17.384890,-66.147624
-17.378890,-66.139285
-17.381235,-66.134334
-17.388631,-66.139539
-17.391066,-66.137622
-17.379700,-66.147298
-17.385362,-66.141479
-17.379407,-66.134557
-17.375063,-66.134168
-17.379981,-66.132370
-17.396232,-66.143674
-17.388647,-66.143254
-17.386269,-66.140668
-17.396886,-66.133278
-17.393537,-66.137831
-17.379035,-66.143297
-17.394484,-66.143717
-17.397836,-66.144045
-17.388371,-66.136624
-17.396566,-66.142613
-17.389772,-66.141251
-17.379615,-66.137744
-17.381877,-66.145924
-17.382766,-66.145089
-17.397270,-66.143446
-17.380178,-66.148196
-17.382614,-66.148928
-17.397910,-66.142412
-17.378767,-66.135938
-17.394621,-66.133111
-17.392662,-66.131812
-17.379901,-66.134972
-17.396644,-66.139358
-17.392807,-66.140174
-17.390581,-66.147650
-17.393463,-66.148599
-17.382616,-66.141486
-17.382085,-66.134803
-17.381102,-66.150943
-17.391872,-66.138703
-17.391446,-66.131925
-17.396564,-66.132467
-17.393573,-66.148547
-17.390982,-66.140228
-17.383620,-66.145526
-17.383516,-66.146450
-17.394381,-66.148088
-17.383976,-66.139208
-17.391718,-66.149049
-17.382715,-66.141046
-17.377758,-66.139380
-17.381689,-66.149920
-17.380193,-66.134162
-17.394287,-66.137149
-17.388980,-66.137177
-17.394197,-66.145172
-17.396000,-66.145977
-17.379987,-66.149357
-17.393517,-66.141825
-17.382569,-66.150034
-17.376425,-66.132953
-17.395565,-66.142671
-17.385579,-66.139556
-17.382610,-66.140576
-17.385046,-66.145000
-17.387155,-66.149502
-17.390701,-66.143862
-17.380084,-66.149874
-17.391544,-66.137812
-17.379564,-66.142152
-17.381068,-66.134923
-17.393758,-66.131417
-17.397274,-66.142821
-17.396599,-66.137889
-17.394253,-66.145085
-17.383823,-66.150063
-17.395173,-66.143564
-17.377412,-66.132523
-17.390995,-66.133654
-17.389114,-66.134146
-17.381759,-66.136455
-17.374867,-66.133451
-17.393060,-66.144151
-17.379390,-66.142160
-17.379690,-66.142179
-17.395613,-66.129571
-17.396587,-66.138670
-17.390278,-66.145011
-17.385283,-66.147588
-17.395924,-66.141579
-17.378033,-66.139242
-17.395923,-66.141362
-17.393789,-66.145004
-17.395600,-66.128457
-17.394164,-66.130480
-17.392040,-66.140679
-17.394315,-66.135085
-17.376805,-66.136199
-17.389086,-66.136381
-17.395858,-66.137399
-17.396914,-66.146722
-17.380353,-66.145068
-17.396693,-66.145460
-17.397367,-66.138189
-17.377024,-66.135651
-17.393361,-66.134757
-17.398037,-66.143483
-17.395689,-66.147143
-17.390139,-66.149147
-17.389548,-66.135576
-17.392776,-66.148536
-17.395725,-66.131244
-17.394468,-66.129789
-17.381653,-66.149672
-17.391516,-66.135394
-17.379344,-66.132643
-17.381242,-66.133446
-17.392704,-66.146168
-17.381373,-66.147386
-17.395713,-66.146124
-17.394971,-66.146893
-17.379830,-66.144378
-17.388652,-66.149312
-17.377715,-66.132387
-17.379845,-66.149361
-17.382761,-66.149923
-17.384147,-66.148506
-17.379319,-66.136283
-17.395034,-66.144439
-17.385299,-66.149904
-17.396496,-66.141538
-17.380419,-66.130308
-17.379137,-66.147627
-17.380404,-66.145885
-17.392435,-66.147718
-17.395429,-66.138495
-17.389133,-66.138121
-17.387022,-66.143272
-17.389683,-66.142589
-17.379851,-66.144068
-17.382784,-66.145154
-17.392536,-66.140676
-17.389795,-66.143189
-17.389780,-66.134605
-17.388272,-66.143449
-17.383110,-66.143798
-17.382702,-66.144357
-17.387592,-66.142426
-17.379774,-66.134098
-17.395840,-66.131167
-17.392140,-66.140755
-17.392520,-66.145505
-17.394892,-66.141288
-17.379265,-66.137250
-17.390367,-66.137399
-17.394703,-66.144741
-17.380211,-66.143187
-17.398740,-66.147483
-17.397644,-66.141945
-17.393678,-66.148435
-17.381487,-66.151350
-17.387732,-66.138199
-17.397635,-66.143931
-17.379436,-66.149892
-17.390857,-66.135611
-17.395064,-66.146547
-17.381094,-66.132163
-17.384492,-66.149992
-17.394936,-66.137458
-17.377675,-66.135397
-17.394134,-66.135874
-17.390461,-66.147487
-17.374852,-66.134516
-17.388360,-66.144474
-17.377782,-66.135418
-17.395409,-66.147563
-17.390911,-66.144710
-17.387012,-66.143097
-17.390941,-66.146594
-17.389505,-66.141997
-17.376031,-66.136467
-17.389143,-66.134020
-17.393435,-66.138966
-17.378426,-66.141678
-17.379168,-66.147840
-17.384019,-66.149428
-17.391281,-66.138130
-17.377560,-66.135220
-17.383271,-66.139371
-17.377166,-66.136863
-17.387569,-66.146161
-17.394581,-66.142988
-17.397262,-66.143579
-17.382373,-66.139016
-17.381628,-66.136506
-17.378536,-66.141695
-17.393986,-66.147836
-17.395734,-66.131416
-17.375296,-66.135654
-17.386062,-66.142936
-17.381940,-66.137081
-17.378574,-66.144842
-17.380503,-66.145477
-17.383727,-66.146095
-17.397066,-66.143410
-17.397664,-66.145899
-17.380402,-66.145790
-17.386422,-66.146826
-17.378837,-66.137717
-17.383130,-66.149808
-17.395152,-66.132689
-17.393895,-66.139262
-17.374970,-66.133530
-17.375324,-66.134614
-17.392761,-66.131417
-17.386842,-66.149105
-17.394056,-66.130675
-17.381144,-66.131589
-17.385529,-66.149856
-17.379613,-66.132373
-17.391995,-66.135377
-17.391814,-66.138922
-17.386141,-66.141152
-17.397230,-66.147332
-17.375360,-66.134713
-17.389765,-66.134963
-17.385934,-66.146373
-17.377150,-66.138181
-17.397194,-66.140062
-17.379061,-66.144187
-17.375797,-66.133124
-17.382338,-66.149222
-17.378115,-66.142398
-17.376069,-66.133688
-17.393145,-66.141091
-17.395812,-66.143529
-17.392219,-66.131655
-17.394008,-66.146618
-17.378338,-66.145679
-17.395719,-66.128799
-17.394886,-66.143770
-17.389498,-66.138149
-17.387795,-66.138092
-17.382481,-66.150105
-17.383800,-66.148121
-17.378798,-66.139475
-17.398064,-66.146952
-17.384206,-66.141359
-17.394709,-66.132792
-17.379210,-66.134224
-17.374932,-66.132444
-17.383571,-66.145903
-17.387544,-66.138824
-17.383256,-66.142188
-17.389656,-66.135489
-17.389055,-66.141485
-17.393814,-66.148740
-17.386090,-66.141309
-17.395047,-66.132462
-17.385499,-66.148049
-17.395810,-66.143507
-17.385223,-66.148203
-17.381323,-66.141700
-17.379023,-66.148152
-17.393021,-66.131254
-17.381433,-66.147615
-17.383496,-66.146710
-17.390925,-66.140111
-17.381903,-66.142143
-17.386360,-66.149356
-17.386038,-66.149169
-17.388165,-66.145745
-17.395716,-66.131590
-17.389099,-66.147823
-17.376102,-66.136454
-17.394489,-66.128878
-17.379420,-66.149869
-17.380808,-66.140165
-17.386823,-66.138640
-17.391590,-66.136244
-17.395236,-66.133967
-17.379861,-66.148804
-17.390044,-66.145054
-17.390209,-66.149446
-17.396603,-66.132755
-17.379997,-66.145590
-17.380864,-66.151317
-17.390328,-66.137705
-17.379035,-66.148096
-17.380732,-66.136134
-17.381597,-66.137215
-17.382362,-66.146477
-17.391538,-66.136910
-17.390167,-66.141246
-17.394093,-66.134927
-17.395102,-66.128517
-17.393633,-66.142067
-17.384066,-66.144576
-17.394131,-66.134113
-17.392335,-66.147533
-17.381623,-66.138810
-17.380992,-66.144380
-17.391366,-66.138217
-17.396955,-66.142603
-17.390599,-66.136223
-17.380855,-66.136780
-17.394097,-66.138787
-17.389148,-66.136829
-17.386814,-66.144379
-17.390305,-66.132899
-17.392279,-66.144055
-17.382215,-66.150158
-17.389316,-66.147379
-17.378600,-66.133735
-17.379181,-66.136098
-17.379476,-66.131169
-17.380657,-66.131592
-17.394114,-66.142961
-17.378565,-66.141459
-17.382006,-66.139265
-17.382472,-66.149793
-17.379266,-66.148938
-17.380917,-66.149207
-17.391728,-66.137515
-17.396248,-66.131374
-17.381688,-66.148800
-17.376152,-66.134291
-17.385354,-66.141941
-17.381292,-66.138942
-17.397463,-66.142317
-17.395911,-66.138288
-17.385203,-66.143577
-17.389968,-66.139368
-17.391875,-66.139440
-17.379650,-66.137049
-17.391042,-66.140125
-17.394871,-66.133769
-17.392117,-66.143334
-17.395132,-66.140133
-17.378480,-66.140334
-17.395125,-66.139906
-17.386669,-66.147947
-17.385575,-66.149481
-17.385225,-66.148258
-17.378655,-66.142730
-17.394041,-66.148391
-17.390009,-66.145963
-17.381044,-66.140185
-17.380089,-66.142949
-17.394475,-66.128987
-17.383250,-66.139456
-17.388331,-66.141822
-17.391768,-66.137819
-17.380187,-66.149976
-17.398077,-66.144398
-17.387327,-66.146404
-17.390610,-66.133749
-17.384007,-66.141283
-17.376263,-66.137246
-17.394756,-66.146265
-17.380099,-66.135300
-17.384160,-66.148086
-17.393521,-66.145153
-17.391415,-66.134307
-17.378551,-66.142099
-17.376953,-66.138010
-17.397638,-66.146439
-17.380743,-66.138277
-17.390246,-66.139489
-17.377006,-66.135872
-17.392486,-66.142273
-17.395117,-66.133891
-17.396143,-66.133846
-17.379716,-66.149161
-17.377559,-66.139327
-17.392517,-66.132184
-17.394965,-66.137369
-17.381764,-66.144632
-17.381734,-66.145770
-17.381636,-66.147689
-17.389287,-66.139932
-17.391470,-66.148706
-17.393664,-66.130223
-17.395563,-66.139419
-17.392742,-66.137558
-17.382335,-66.145378
-17.397962,-66.145982
-17.394713,-66.132408
-17.375466,-66.136315
-17.396506,-66.139385
-17.379519,-66.140678
-17.383370,-66.150979
-17.387190,-66.143327
-17.375801,-66.136286
-17.387341,-66.141143
-17.379536,-66.135749
-17.376398,-66.138555
-17.393902,-66.142935
-17.390577,-66.141688
-17.380635,-66.151302
-17.389852,-66.143015
-17.377081,-66.131989
-17.380124,-66.137891
-17.375638,-66.133008
-17.380779,-66.134595
-17.387587,-66.142207
-17.387861,-66.147693
-17.380243,-66.138323
-17.397246,-66.140028
-17.393765,-66.138732
-17.378859,-66.146181
-17.377798,-66.142629
-17.378043,-66.143054
-17.396937,-66.139249
-17.390440,-66.146129
-17.394611,-66.139362
-17.393638,-66.139387
-17.388139,-66.146319
-17.380447,-66.147185
-17.381183,-66.145414
-17.395693,-66.134468
-17.392724,-66.140991
-17.388651,-66.136118
-17.384707,-66.148589
-17.388585,-66.148682
-17.382496,-66.145777
-17.387937,-66.144840
-17.391256,-66.133241
-17.397726,-66.142039
-17.397813,-66.147318
-17.391180,-66.135827
-17.378547,-66.146571
-17.387247,-66.137902
-17.377341,-66.132998
-17.383860,-66.148235
-17.391781,-66.144051
-17.392931,-66.131823
-17.379563,-66.141876
-17.379658,-66.138201
-17.393627,-66.144275
-17.389735,-66.146754
-17.390217,-66.132304
-17.380974,-66.139984
-17.395553,-66.128831
-17.393083,-66.144265
-17.377391,-66.136863
-17.375711,-66.131960
-17.381673,-66.149779
-17.393845,-66.147422
-17.379199,-66.136946
-17.390281,-66.149430
-17.379396,-66.141027
-17.390289,-66.149120
-17.391955,-66.142286
-17.390324,-66.137051
-17.379136,-66.140333
-17.392544,-66.137017
-17.382098,-66.148380
-17.376024,-66.136939
-17.378007,-66.141793
-17.394031,-66.143824
-17.386572,-66.146139
-17.391807,-66.139527
-17.396915,-66.142422
-17.382100,-66.142380
-17.392390,-66.131241
-17.398066,-66.147240
-17.376556,-66.132851
-17.377931,-66.135214
-17.386694,-66.149169
-17.387517,-66.137203
-17.378978,-66.132394
-17.389023,-66.136596
-17.393011,-66.134599
-17.377315,-66.141705
-17.393610,-66.133032
-17.374819,-66.134028
-17.394086,-66.137460
-17.397330,-66.143247
-17.393910,-66.140880
-17.386485,-66.144968
-17.387033,-66.138304
-17.388883,-66.146898
-17.392207,-66.137670
-17.393147,-66.138657
-17.393113,-66.148681
-17.375179,-66.135612
-17.387366,-66.143170
-17.392480,-66.146933
-17.380930,-66.140097
-17.394800,-66.129452
-17.393894,-66.131306
-17.383478,-66.142567
-17.383841,-66.139499
-17.377708,-66.140061
-17.388864,-66.147484
-17.381276,-66.134165
-17.376898,-66.135635
-17.375306,-66.134525
-17.390141,-66.141244
-17.393827,-66.133392
-17.381165,-66.140090
-17.391022,-66.141391
-17.378186,-66.131202
-17.381926,-66.138231
-17.382147,-66.145821
-17.385473,-66.147490
-17.392520,-66.136741
-17.392053,-66.134435
-17.380002,-66.140918
-17.394462,-66.132213
-17.380759,-66.132054
-17.380171,-66.137230
-17.383649,-66.145923
-17.388269,-66.140034
-17.398265,-66.147801
-17.376648,-66.139335
-17.395631,-66.140530
-17.394547,-66.137092
-17.389559,-66.147915
-17.376134,-66.135692
-17.382469,-66.143316
-17.395445,-66.146535
-17.396569,-66.147382
-17.380517,-66.138892
-17.381215,-66.140720
-17.381011,-66.147487
-17.380842,-66.142911
-17.388420,-66.135925
-17.388361,-66.149029
-17.395040,-66.146269
-17.393015,-66.137318
-17.391753,-66.138542
-17.382006,-66.142658
-17.398590,-66.146502
-17.381937,-66.149790
-17.380967,-66.136369
-17.376819,-66.139063
-17.392507,-66.133457
-17.386879,-66.142797
-17.387830,-66.142054
-17.387817,-66.146099
-17.380561,-66.135225
-17.394576,-66.141553
-17.383852,-66.147597
-17.378339,-66.134994
-17.381216,-66.133398
-17.394330,-66.147579
-17.388087,-66.144607
-17.389712,-66.133608
-17.388635,-66.149107
-17.395118,-66.129631
-17.376018,-66.133399
-17.393337,-66.134718
-17.393085,-66.145416
-17.380417,-66.140390
-17.393285,-66.147291
-17.379506,-66.140542
-17.393638,-66.133860
-17.387852,-66.142525
-17.386992,-66.142045
-17.396040,-66.144673
-17.391080,-66.142282
