-17.423691,-66.122605
-17.427256,-66.119195
-17.432364,-66.125621
-17.420765,-66.115926
-17.433297,-66.126111
-17.427465,-66.128273
-17.422470,-66.130082
-17.422848,-66.120677
-17.421159,-66.125386
-17.430190,-66.123276
-17.426235,-66.125111
-17.438236,-66.123587
-17.428340,-66.119220
-17.414187,-66.122838
-17.425306,-66.119329
-17.434446,-66.119774
-17.420872,-66.126359
-17.410983,-66.122867
-17.425858,-66.119634
-17.430040,-66.126024
-17.419507,-66.124027
-17.428167,-66.127305
-17.413870,-66.121040
-17.411675,-66.124164
-17.415548,-66.119219
-17.421908,-66.119265
-17.426235,-66.126974
-17.420111,-66.119510
-17.426133,-66.123001
-17.413976,-66.120812
-17.430573,-66.123473
-17.422003,-66.119667
-17.425444,-66.121817
-17.417949,-66.117492
-17.419619,-66.126115
-17.416069,-66.113771
-17.426733,-66.130394
-17.421881,-66.113449
-17.417375,-66.115816
-17.429583,-66.123333
-17.418605,-66.111718
-17.419952,-66.123160
-17.427773,-66.121740
-17.422855,-66.122282
-17.430370,-66.119185
-17.416213,-66.117487
-17.430820,-66.122225
-17.431639,-66.119123
-17.433900,-66.122010
-17.415884,-66.115701
-17.428568,-66.120401
-17.426264,-66.124049
-17.414292,-66.118684
-17.415703,-66.120895
-17.423152,-66.117068
-17.433949,-66.121908
-17.426179,-66.129979
-17.417177,-66.115823
-17.410144,-66.123800
-17.417304,-66.118141
-17.417411,-66.114094
-17.429837,-66.118633
-17.416299,-66.113617
-17.437878,-66.122408
-17.429658,-66.121352
-17.428311,-66.123033
-17.430281,-66.122974
-17.427206,-66.128621
-17.413720,-66.125280
-17.426330,-66.129552
-17.429546,-66.126539
-17.436814,-66.124059
-17.419316,-66.122246
-17.422656,-66.124390
-17.421660,-66.129487
-17.424131,-66.122383
-17.438222,-66.123292
-17.410624,-66.123885
-17.413751,-66.118572
-17.431605,-66.127013
-17.431877,-66.122246
-17.415938,-66.113168
-17.425262,-66.129386
-17.427782,-66.126639
-17.428902,-66.128372
-17.419568,-66.125036
-17.435066,-66.123340
-17.435831,-66.123424
-17.436477,-66.123362
-17.427061,-66.130104
-17.429318,-66.119398
-17.416521,-66.122136
-17.422995,-66.119193
-17.433078,-66.118326
-17.415898,-66.119516
-17.431757,-66.118250
-17.439725,-66.122853
-17.434854,-66.125209
-17.418194,-66.123212
-17.419963,-66.128429
-17.409633,-66.123405
-17.419246,-66.124220
-17.429148,-66.119802
-17.434819,-66.122433
-17.412797,-66.124259
-17.432801,-66.121710
-17.422648,-66.120304
-17.420855,-66.128731
-17.428004,-66.120311
-17.422736,-66.121062
-17.422161,-66.129672
-17.437937,-66.121231
-17.424111,-66.118747
-17.416081,-66.119344
-17.426282,-66.131072
-17.420101,-66.114228
-17.407812,-66.122898
-17.431030,-66.122852
-17.423623,-66.121494
-17.424433,-66.126476
-17.410019,-66.124793
-17.412352,-66.122280
-17.422045,-66.125219
-17.418864,-66.118691
-17.429859,-66.127260
-17.434542,-66.119891
-17.439107,-66.122609
-17.422880,-66.122141
-17.421733,-66.123905
-17.431599,-66.123923
-17.423094,-66.122660
-17.416405,-66.123512
-17.419088,-66.112027
-17.419990,-66.125479
-17.419477,-66.114819
-17.433285,-66.118617
-17.422418,-66.122045
-17.422088,-66.128736
-17.419882,-66.123325
-17.421424,-66.115596
-17.417207,-66.123590
-17.417053,-66.117909
-17.424706,-66.129778
-17.421703,-66.126203
-17.429041,-66.119846
-17.415845,-66.121033
-17.427181,-66.120601
-17.412908,-66.124079
-17.416452,-66.122444
-17.422061,-66.113444
-17.410836,-66.122094
-17.413576,-66.124711
-17.426993,-66.130343
-17.415146,-66.124231
-17.429204,-66.120824
-17.422741,-66.128020
-17.424776,-66.120373
-17.418890,-66.111854
-17.420127,-66.126353
-17.434651,-66.125219
-17.428653,-66.120716
-17.409888,-66.123189
-17.425714,-66.118874
-17.421440,-66.124367
-17.417037,-66.111655
-17.418913,-66.122748
-17.413567,-66.122796
-17.422469,-66.124021
-17.437668,-66.120349
-17.418837,-66.118333
-17.418355,-66.126460
-17.436728,-66.123349
-17.424425,-66.122456
-17.417948,-66.116842
-17.437038,-66.123881
-17.420309,-66.123831
-17.413345,-66.120023
-17.418488,-66.116289
-17.417723,-66.125564
-17.419640,-66.117688
-17.417405,-66.122569
-17.429722,-66.127063
-17.432325,-66.125805
-17.421992,-66.127069
-17.427307,-66.127398
-17.415455,-66.124652
-17.430889,-66.120431
-17.434230,-66.123402
-17.419152,-66.117047
-17.417798,-66.110879
-17.430685,-66.122927
-17.435180,-66.122150
-17.418150,-66.114712
-17.413767,-66.124303
-17.413481,-66.124797
-17.415776,-66.119163
-17.410301,-66.121748
-17.416625,-66.124265
-17.414268,-66.118721
-17.430224,-66.126517
-17.427251,-66.125246
-17.433429,-66.122834
-17.415002,-66.115660
-17.431891,-66.118142
-17.424022,-66.121835
-17.430541,-66.123170
-17.413055,-66.121873
-17.425050,-66.129847
-17.415224,-66.124637
-17.424026,-66.128256
-17.430071,-66.124003
-17.422125,-66.129375
-17.425171,-66.123447
-17.433910,-66.125552
-17.410956,-66.122785
-17.421512,-66.128305
-17.430759,-66.120126
-17.422871,-66.117616
-17.425889,-66.123337
-17.432236,-66.119021
-17.426053,-66.121457
-17.430987,-66.120583
-17.432009,-66.126686
-17.427563,-66.123119
-17.414642,-66.124320
-17.415305,-66.115092
-17.419976,-66.127882
-17.423287,-66.123592
-17.416332,-66.113086
-17.422909,-66.123841
-17.421479,-66.118849
-17.423490,-66.124245
-17.418999,-66.122771
-17.427413,-66.122317
-17.422595,-66.122346
-17.428464,-66.120155
-17.418509,-66.125106
-17.417230,-66.122368
-17.431368,-66.119955
-17.411969,-66.123290
-17.418970,-66.123033
-17.419226,-66.125342
-17.427498,-66.120355
-17.433637,-66.123644
-17.414811,-66.116071
-17.419152,-66.114820
-17.422140,-66.121999
-17.418205,-66.112956
-17.432654,-66.121316
-17.426711,-66.120629
-17.422907,-66.116405
-17.418474,-66.121766
-17.427045,-66.124017
-17.436143,-66.122584
-17.418055,-66.112534
-17.436048,-66.122524
-17.411312,-66.123963
-17.415312,-66.123788
-17.416644,-66.117839
-17.422507,-66.124039
-17.414678,-66.118308
-17.412889,-66.122987
-17.423390,-66.120187
-17.413359,-66.124464
-17.423785,-66.118271
-17.419820,-66.122862
-17.422436,-66.117563
-17.421545,-66.121448
-17.422645,-66.125130
-17.422084,-66.119933
-17.413954,-66.118737
-17.421344,-66.129819
-17.432218,-66.120684
-17.427043,-66.120031
-17.423809,-66.116975
-17.431134,-66.126470
-17.428466,-66.122092
-17.425712,-66.123806
-17.419506,-66.112948
-17.421878,-66.115266
-17.419212,-66.120547
-17.432810,-66.119846
-17.421257,-66.124719
-17.426028,-66.131140
-17.427454,-66.119362
-17.437457,-66.124157
-17.424869,-66.118700
-17.425373,-66.128055
-17.429045,-66.124695
-17.422475,-66.125862
-17.433536,-66.120425
-17.418585,-66.121107
-17.424115,-66.127991
-17.428797,-66.127335
-17.422305,-66.118756
-17.424307,-66.122759
-17.417856,-66.121487
-17.417268,-66.118849
-17.426137,-66.122651
-17.418495,-66.118862
-17.429614,-66.126306
-17.418143,-66.112876
-17.417502,-66.120700
-17.432530,-66.121083
-17.414093,-66.122782
-17.415322,-66.116376
-17.416301,-66.115157
-17.414990,-66.117991
-17.408393,-66.123744
-17.428969,-66.124424
-17.432207,-66.125120
-17.418943,-66.121760
-17.424983,-66.123862
-17.417372,-66.115555
-17.420382,-66.114848
-17.438399,-66.122959
-17.430325,-66.118592
-17.437160,-66.122488
-17.415073,-66.115039
-17.429600,-66.125626
-17.418804,-66.115117
-17.421999,-66.123559
-17.431880,-66.123114
-17.415684,-66.116471
-17.419183,-66.114467
-17.413122,-66.118372
-17.415279,-66.117469
-17.423060,-66.129077
-17.439227,-66.121924
-17.409990,-66.121000
-17.427173,-66.128156
-17.421677,-66.124991
-17.425854,-66.120657
-17.429870,-66.124424
-17.421543,-66.113309
-17.431490,-66.125927
-17.424425,-66.118040
-17.419327,-66.125926
-17.416199,-66.114657
-17.419352,-66.122776
-17.419771,-66.124632
-17.421384,-66.115543
-17.420378,-66.119843
-17.428231,-66.118859
-17.415445,-66.118655
-17.421385,-66.125885
-17.427549,-66.127737
-17.413069,-66.123687
-17.418128,-66.126069
-17.427785,-66.129495
-17.420842,-66.126080
-17.425957,-66.119724
-17.420623,-66.119564
-17.430504,-66.119827
-17.427423,-66.128506
-17.425034,-66.118317
-17.417634,-66.123007
-17.415432,-66.119456
-17.409016,-66.124361
-17.427012,-66.120938
-17.425339,-66.125767
-17.409263,-66.123367
-17.415169,-66.117945
-17.426113,-66.124913
-17.423285,-66.121843
-17.412628,-66.125316
-17.434417,-66.119356
-17.424798,-66.121538
-17.420427,-66.123843
-17.422598,-66.122945
-17.436769,-66.124060
-17.413178,-66.120575
-17.431941,-66.119202
-17.421479,-66.125288
-17.411007,-66.123862
-17.412907,-66.124436
-17.431077,-66.123439
-17.417273,-66.118259
-17.422090,-66.115877
-17.418658,-66.119010
-17.435241,-66.123348
-17.425140,-66.128205
-17.416678,-66.115992
-17.419555,-66.123097
-17.432456,-66.119477
-17.411691,-66.121041
-17.428719,-66.126575
-17.433497,-66.119098
-17.424091,-66.118294
-17.424399,-66.120980
-17.437158,-66.121988
-17.437816,-66.122331
-17.419223,-66.126806
-17.417077,-66.123433
-17.422662,-66.121298
-17.420204,-66.121459
-17.419342,-66.124649
-17.434139,-66.119245
-17.418492,-66.127035
-17.432203,-66.122580
-17.427276,-66.126463
-17.418253,-66.115383
-17.425145,-66.120037
-17.420541,-66.124877
-17.424144,-66.122278
-17.429769,-66.124611
-17.425146,-66.125767
-17.423034,-66.124724
-17.433424,-66.123572
-17.416721,-66.121615
-17.413436,-66.118503
-17.419497,-66.116464
-17.425198,-66.130282
-17.432851,-66.124555
-17.409856,-66.124668
-17.428544,-66.124644
-17.424839,-66.127922
-17.430672,-66.124672
-17.426727,-66.121177
-17.434635,-66.121031
-17.414564,-66.119183
-17.421478,-66.118344
-17.431567,-66.123016
-17.432462,-66.118934
-17.422769,-66.125116
-17.410117,-66.122229
-17.420742,-66.117411
-17.423484,-66.116231
-17.425036,-66.118394
-17.431033,-66.120921
-17.429220,-66.122684
-17.420799,-66.119070
-17.410708,-66.122295
-17.420920,-66.118904
-17.426534,-66.128017
-17.430301,-66.125439
-17.429231,-66.124893
-17.422959,-66.130047
-17.428006,-66.128219
-17.416127,-66.121656
-17.434514,-66.120654
-17.419211,-66.125832
-17.422014,-66.120209
-17.430496,-66.119211
-17.419005,-66.120478
-17.437877,-66.123333
-17.422727,-66.118241
-17.419307,-66.115501
-17.418226,-66.120463
-17.421913,-66.128642
-17.419539,-66.123931
-17.416680,-66.122226
-17.413461,-66.117838
-17.422837,-66.114515
-17.423194,-66.124276
-17.419379,-66.112368
-17.413267,-66.118598
-17.419837,-66.117494
-17.417533,-66.115059
-17.420695,-66.117386
-17.423020,-66.124252
-17.420386,-66.122794
-17.431170,-66.121885
-17.431472,-66.125434
-17.417057,-66.114144
-17.430893,-66.126785
-17.423558,-66.127745
-17.419078,-66.118118
-17.429543,-66.120599
-17.430279,-66.124065
-17.415107,-66.124390
-17.435076,-66.120611
-17.418161,-66.119409
-17.426116,-66.123620
-17.427342,-66.126506
-17.423060,-66.125493
-17.434143,-66.122930
-17.419651,-66.117263
-17.421815,-66.114295
-17.437331,-66.123317
-17.430602,-66.125853
-17.438062,-66.122940
-17.424619,-66.131995
-17.417410,-66.114107
-17.431354,-66.119361
-17.412675,-66.118473
-17.419917,-66.126486
-17.431229,-66.126770
-17.419299,-66.112029
-17.416181,-66.120449
-17.419130,-66.115002
-17.419415,-66.114178
-17.429150,-66.126661
-17.417804,-66.116330
-17.418848,-66.118409
-17.423612,-66.123922
-17.422333,-66.121459
-17.422001,-66.113214
-17.418892,-66.115009
-17.436365,-66.122007
-17.423672,-66.118341
-17.411311,-66.124799
-17.429196,-66.127297
-17.422633,-66.121704
-17.432021,-66.122993
-17.419270,-66.113178
-17.416638,-66.115110
-17.423126,-66.122560
-17.428554,-66.121264
-17.416065,-66.116577
-17.435383,-66.121049
-17.422498,-66.129993
-17.420199,-66.121724
-17.414972,-66.123855
-17.419683,-66.118184
-17.417492,-66.122110
-17.430282,-66.120264
-17.430562,-66.117851
-17.414776,-66.122991
-17.420249,-66.117251
-17.425138,-66.122222
-17.420271,-66.115214
-17.436078,-66.124467
-17.432589,-66.118980
-17.412702,-66.122037
-17.431619,-66.124263
-17.429844,-66.122750
-17.419416,-66.119849
-17.420560,-66.127172
-17.435628,-66.123140
-17.420226,-66.123653
-17.419048,-66.122571
-17.418627,-66.122052
-17.416913,-66.113618
-17.421912,-66.123232
-17.418758,-66.111844
-17.415278,-66.121419
-17.413031,-66.122908
-17.424766,-66.131163
-17.423470,-66.122312
-17.407876,-66.123340
-17.426954,-66.120079
-17.422356,-66.116398
-17.425638,-66.131038
-17.426645,-66.124926
-17.416159,-66.124693
-17.407562,-66.122337
-17.420706,-66.123612
-17.427073,-66.123221
-17.417701,-66.114565
-17.429133,-66.119738
-17.415922,-66.123621
-17.428011,-66.128953
-17.420118,-66.127408
-17.414316,-66.118105
-17.417598,-66.116916
-17.412203,-66.120481
-17.430477,-66.127167
-17.425011,-66.131615
-17.412656,-66.121908
-17.417219,-66.115300
-17.418158,-66.124250
-17.419176,-66.111930
-17.410592,-66.121448
-17.438636,-66.122493
-17.419143,-66.126549
-17.418732,-66.117764
-17.417047,-66.121033
-17.417031,-66.119949
-17.426791,-66.126518
-17.419770,-66.128220
-17.437627,-66.124587
-17.429961,-66.127148
-17.420216,-66.123221
-17.419215,-66.128532
-17.413792,-66.121759
-17.410318,-66.123174
-17.418800,-66.123363
-17.425339,-66.125981
-17.425593,-66.131741
-17.428510,-66.123801
-17.438211,-66.120883
-17.422689,-66.122006
-17.432137,-66.126670
-17.433699,-66.124639
-17.419998,-66.113917
-17.436921,-66.122235
-17.421052,-66.121894
-17.414722,-66.120231
-17.432599,-66.119619
-17.424240,-66.119929
-17.420111,-66.127037
-17.430738,-66.118093
-17.424638,-66.119810
-17.416058,-66.121395
-17.416124,-66.124486
-17.416963,-66.120134
-17.426980,-66.122027
-17.408003,-66.121689
-17.419284,-66.119666
-17.417501,-66.123149
-17.417964,-66.113861
-17.410426,-66.121794
-17.429750,-66.122591
-17.422865,-66.124579
-17.417400,-66.111992
-17.430001,-66.119411
-17.424164,-66.125925
-17.427917,-66.124498
-17.433208,-66.125268
-17.429024,-66.124763
-17.417123,-66.124997
-17.415001,-66.117100
-17.427552,-66.123647
-17.411161,-66.123738
-17.419784,-66.127511
-17.433046,-66.126051
-17.420550,-66.126910
-17.422349,-66.121200
-17.415125,-66.120949
-17.421894,-66.124913
-17.418966,-66.126823
-17.411498,-66.123371
-17.423481,-66.127000
-17.432242,-66.119937
-17.410699,-66.122101
-17.434068,-66.119366
-17.424703,-66.121162
-17.419980,-66.113731
-17.430105,-66.119656
-17.425038,-66.121795
-17.424462,-66.119278
-17.411372,-66.124067
-17.419602,-66.125423
-17.431444,-66.118067
-17.428141,-66.129111
-17.429531,-66.120104
-17.433847,-66.124983
-17.417793,-66.112978
-17.417803,-66.125227
-17.427577,-66.123691
-17.420175,-66.126263
-17.429544,-66.119543
-17.433880,-66.125707
-17.410134,-66.121427
-17.435607,-66.120992
-17.422500,-66.125937
-17.421614,-66.113749
-17.427810,-66.129381
-17.426082,-66.121093
-17.422710,-66.124852
-17.420237,-66.118302
-17.416465,-66.119975
-17.424819,-66.123889
-17.429175,-66.122803
-17.420282,-66.116195
-17.434942,-66.121287
-17.411672,-66.121021
-17.422904,-66.116323
-17.415519,-66.122389
-17.412147,-66.124324
-17.413551,-66.122199
-17.428358,-66.126992
-17.417428,-66.122097
-17.418099,-66.124864
-17.426924,-66.126156
-17.424982,-66.129723
-17.436550,-66.121504
-17.418064,-66.126607
-17.410374,-66.123121
-17.429601,-66.122736
-17.416400,-66.124467
-17.427073,-66.125913
-17.427441,-66.128040
-17.429779,-66.125079
-17.418431,-66.125788
-17.408536,-66.123158
-17.423363,-66.120723
-17.418574,-66.112320
-17.429479,-66.122295
-17.425012,-66.123943
-17.412721,-66.124629
-17.418556,-66.126967
-17.425323,-66.126556
-17.421220,-66.113900
-17.426537,-66.123625
-17.418280,-66.113801
-17.422957,-66.123510
-17.427423,-66.124743
-17.429564,-66.125595
-17.437107,-66.121327
-17.434847,-66.120461
-17.431178,-66.125239
-17.427638,-66.120226
-17.412974,-66.124582
-17.426720,-66.124813
-17.428840,-66.119474
-17.421422,-66.119514
-17.431376,-66.121566
-17.420721,-66.119529
-17.429598,-66.121381
-17.408834,-66.122411
-17.434325,-66.124234
-17.431111,-66.120158
-17.416897,-66.124212
-17.425685,-66.130865
-17.408699,-66.121295
-17.415772,-66.123195
-17.417102,-66.111804
-17.417861,-66.123289
-17.417197,-66.112196
-17.420682,-66.124622
-17.438281,-66.123162
-17.436568,-66.121315
-17.417944,-66.114544
-17.418560,-66.126760
-17.425005,-66.119197
-17.420136,-66.116885
-17.431555,-66.118053
-17.435377,-66.120834
-17.418035,-66.121660
-17.420448,-66.120060
-17.427892,-66.126884
-17.425166,-66.119942
-17.420800,-66.114069
-17.424127,-66.118691
-17.415183,-66.119419
-17.431836,-66.122408
-17.421215,-66.129792
-17.428606,-66.120294
-17.426318,-66.121593
-17.420606,-66.117728
-17.435638,-66.124473
-17.414083,-66.118026
-17.418141,-66.125766
-17.426614,-66.124681
-17.414542,-66.124554
-17.420222,-66.115839
-17.427076,-66.126735
-17.429073,-66.124503
-17.437514,-66.124512
-17.418942,-66.111319
-17.416638,-66.121423
-17.427293,-66.129039
-17.425360,-66.129961
-17.425266,-66.122017
-17.424257,-66.122747
-17.408392,-66.122047
-17.417080,-66.120825
-17.435303,-66.122896
-17.429616,-66.126670
-17.434399,-66.121769
-17.437122,-66.124170
-17.426843,-66.119819
-17.420716,-66.113742
-17.436831,-66.120577
-17.418742,-66.126892
-17.431065,-66.117282
-17.414853,-66.121993
-17.430857,-66.118882
-17.423131,-66.120204
-17.418237,-66.117145
-17.428031,-66.123727
-17.416713,-66.123407
-17.424261,-66.125236
-17.422665,-66.122306
-17.408176,-66.122050
-17.425260,-66.119020
-17.437836,-66.121494
-17.423042,-66.114416
-17.437367,-66.123769
-17.413559,-66.118164
-17.420449,-66.128702
-17.418268,-66.112842
-17.416509,-66.121057
-17.423218,-66.121158
-17.418912,-66.115593
-17.436314,-66.121416
-17.424175,-66.126880
-17.418107,-66.117188
-17.409406,-66.122810
-17.425367,-66.129006
-17.413028,-66.124536
-17.429620,-66.119063
-17.425772,-66.126614
-17.417181,-66.115552
-17.433313,-66.119436
-17.414447,-66.123314
-17.426384,-66.129464
-17.416698,-66.121199
-17.437915,-66.122095
-17.423977,-66.125922
-17.427828,-66.119274
-17.411002,-66.125084
-17.434206,-66.122670
-17.424943,-66.130631
-17.418783,-66.113006
-17.436607,-66.122560
-17.434644,-66.123056
-17.426789,-66.119552
-17.423295,-66.129241
-17.420225,-66.129258
-17.424507,-66.117257
-17.429604,-66.119391
-17.416008,-66.116548
-17.423949,-66.125512
-17.413849,-66.119934
-17.424452,-66.117570
-17.410191,-66.121596
-17.430395,-66.123469
-17.419642,-66.120698
-17.432004,-66.125534
-17.424632,-66.119129
-17.421726,-66.120740
-17.426913,-66.127365
-17.424516,-66.117626
-17.415733,-66.124062
-17.428989,-66.118339
-17.427473,-66.128658
-17.419774,-66.124156
-17.417777,-66.125968
-17.409160,-66.121845
-17.433036,-66.120858
-17.428737,-66.124702
-17.420645,-66.125669
-17.414080,-66.119793
-17.422479,-66.126976
-17.419724,-66.128848
-17.408492,-66.123797
-17.422546,-66.127152
-17.435657,-66.123886
-17.416500,-66.112798
-17.418740,-66.114111
-17.421291,-66.129679
-17.437463,-66.124484
-17.421934,-66.114129
-17.422275,-66.119654
-17.416155,-66.120441
-17.414947,-66.121467
-17.418369,-66.122403
-17.433324,-66.120878
-17.424279,-66.120899
-17.414842,-66.117291
-17.415100,-66.118087
-17.430221,-66.118769
-17.408903,-66.121277
-17.414175,-66.120084
-17.416535,-66.116746
-17.430814,-66.122179
-17.420294,-66.122203
-17.414937,-66.116062
-17.435334,-66.121394
-17.415848,-66.113361
-17.428727,-66.124818
-17.432804,-66.118688
-17.433202,-66.125535
-17.420772,-66.128752
-17.416368,-66.121497
-17.420242,-66.128707
-17.421338,-66.127133
-17.420644,-66.117759
-17.426346,-66.122742
-17.423614,-66.120195
-17.432602,-66.118417
-17.410279,-66.122814
-17.427550,-66.129420
-17.422507,-66.114039
-17.420360,-66.126358
-17.414104,-66.122936
-17.423294,-66.124312
-17.414618,-66.119858
-17.414761,-66.123907
-17.438173,-66.120706
-17.415630,-66.122846
-17.413005,-66.124078
-17.430035,-66.123407
-17.423025,-66.127930
-17.433923,-66.124073
-17.409725,-66.124903
-17.429746,-66.127497
-17.413455,-66.124418
-17.417023,-66.118795
-17.421374,-66.119118
-17.418291,-66.111263
-17.420090,-66.123610
-17.418597,-66.113267
-17.431943,-66.122929
-17.412882,-66.119427
-17.425479,-66.121238
-17.415005,-66.123578
-17.436757,-66.123821
-17.411597,-66.122258
-17.409946,-66.123015
-17.418629,-66.114081
-17.423601,-66.117974
-17.428923,-66.120030
-17.412669,-66.119953
-17.424854,-66.123072
-17.410656,-66.125016
-17.423538,-66.123993
-17.420049,-66.112918
-17.422940,-66.116560
-17.421050,-66.117003
-17.409636,-66.122392
-17.417389,-66.114914
-17.426713,-66.121242
-17.411324,-66.120921
-17.434580,-66.124714
-17.428062,-66.120336
-17.419181,-66.126448
-17.437571,-66.123790
-17.424084,-66.116916
-17.427658,-66.120506
-17.433120,-66.120314
-17.424760,-66.123783
-17.420384,-66.116541
-17.430054,-66.120107
-17.410724,-66.124544
-17.413285,-66.118414
-17.418119,-66.123243
-17.414575,-66.121951
-17.408752,-66.123596
-17.433690,-66.120592
-17.418793,-66.118833
-17.422305,-66.121621
-17.422416,-66.129400
-17.428079,-66.119308
-17.410668,-66.120653
-17.435829,-66.124648
-17.427215,-66.124291
-17.431786,-66.119081
-17.423072,-66.121963
-17.431074,-66.127104
-17.410610,-66.121357
-17.424492,-66.118154
-17.417828,-66.114406
-17.426377,-66.127483
-17.420438,-66.124798
-17.419199,-66.113979
-17.418789,-66.125008
-17.425125,-66.127071
-17.431566,-66.119655
-17.432413,-66.121391
-17.433814,-66.118790
-17.410590,-66.123517
-17.423442,-66.127576
-17.419157,-66.125299
-17.416386,-66.120389
-17.416316,-66.116418
-17.415285,-66.121072
-17.425927,-66.123016
-17.436733,-66.121885
-17.420880,-66.120616
-17.416046,-66.113014
-17.419369,-66.116022
-17.420090,-66.113240
-17.420473,-66.126939
-17.416505,-66.124395
-17.411323,-66.122603
-17.416087,-66.116991
-17.416543,-66.120248
-17.423913,-66.126904
-17.427934,-66.127330
-17.418632,-66.125246
-17.419671,-66.126581
-17.437413,-66.122276
-17.424913,-66.124551
-17.429637,-66.124286
-17.423754,-66.121822
-17.411435,-66.125027
-17.436407,-66.123713
-17.417023,-66.117621
-17.421892,-66.115170
-17.425051,-66.128440
-17.416082,-66.124624
-17.432158,-66.126306
-17.431791,-66.126820
-17.417751,-66.112474
-17.412736,-66.118776
-17.414853,-66.120377
-17.412531,-66.120811
-17.420312,-66.122022
-17.421920,-66.120489
-17.418154,-66.121088
-17.418959,-66.116325
-17.431636,-66.126234
-17.425248,-66.129970
-17.427534,-66.127640
-17.431921,-66.117902
-17.423972,-66.129638
-17.431002,-66.121947
-17.421165,-66.113587
-17.438175,-66.124104
-17.415827,-66.120980
-17.421251,-66.128763
-17.416311,-66.117126
-17.418891,-66.123208
-17.428912,-66.120803
-17.419133,-66.127253
-17.422811,-66.121010
-17.429424,-66.126158
-17.418302,-66.117624
-17.427228,-66.129710
-17.432950,-66.124461
-17.432647,-66.120392
-17.428264,-66.126698
-17.417348,-66.120199
-17.428766,-66.124522
-17.418875,-66.113018
-17.422171,-66.124534
-17.427533,-66.123385
-17.417903,-66.113230
-17.422268,-66.117459
-17.438579,-66.123725
-17.434227,-66.119769
-17.416080,-66.113470
-17.432512,-66.120596
-17.413007,-66.123619
-17.417503,-66.115903
-17.439546,-66.123240
-17.420512,-66.124041
-17.409275,-66.122396
-17.428029,-66.127154
-17.429393,-66.123152
-17.428409,-66.125763
-17.424188,-66.123201
-17.434151,-66.125110
-17.416168,-66.115493
-17.419600,-66.122854
-17.423466,-66.116479
-17.436014,-66.122556
-17.424337,-66.118906
-17.426815,-66.123457
-17.423125,-66.126779
-17.412409,-66.121686
-17.430310,-66.126539
-17.424629,-66.131598
-17.415338,-66.120264
-17.421894,-66.120494
-17.430320,-66.118264
-17.422857,-66.125445
-17.421199,-66.123992
-17.418262,-66.124632
-17.428501,-66.119822
-17.418866,-66.121396
-17.429795,-66.127962
-17.424748,-66.128158
-17.411484,-66.123346
-17.414819,-66.120082
-17.424584,-66.127923
-17.413817,-66.122026
-17.430306,-66.126661
-17.422685,-66.125092
-17.410609,-66.121511
-17.430954,-66.120534
-17.415306,-66.115506
-17.428296,-66.125662
-17.438598,-66.122133
-17.431556,-66.123692
-17.416896,-66.114884
-17.425896,-66.122374
-17.415860,-66.123988
-17.425549,-66.122059
-17.422040,-66.127328
-17.423326,-66.126564
-17.439011,-66.123189
-17.433492,-66.118516
-17.433941,-66.121355
-17.431286,-66.121629
-17.437586,-66.124801
-17.416504,-66.120662
-17.418333,-66.116284
-17.419067,-66.111386
-17.427594,-66.127440
-17.425352,-66.126669
-17.424225,-66.118889
-17.417240,-66.118112
-17.417392,-66.115328
-17.423200,-66.117309
-17.423174,-66.127328
-17.419186,-66.113041
-17.423118,-66.115186
-17.438336,-66.124647
-17.423793,-66.121153
-17.411243,-66.121433
-17.436095,-66.120540
-17.416633,-66.115856
-17.433018,-66.123258
-17.426507,-66.130134
-17.423047,-66.126425
-17.427971,-66.119467
-17.430147,-66.121372
-17.431942,-66.121413
-17.433551,-66.120309
-17.418536,-66.115523
-17.415504,-66.115273
-17.425975,-66.129345
-17.437641,-66.121594
-17.416052,-66.115655
-17.419174,-66.121076
-17.417951,-66.114991
-17.418097,-66.113276
-17.435198,-66.121830
-17.423753,-66.120786
-17.409344,-66.123278
-17.421834,-66.115583
-17.410228,-66.124666
-17.422903,-66.116443
-17.431537,-66.117946
-17.413828,-66.124637
-17.425314,-66.123877
-17.429035,-66.127778
-17.424753,-66.119790
-17.425334,-66.125515
-17.422852,-66.122952
-17.421395,-66.126632
-17.410588,-66.120512
-17.414782,-66.123809
-17.420572,-66.114777
-17.423501,-66.117178
-17.421903,-66.119802
-17.416668,-66.113560
-17.434172,-66.123795
-17.435005,-66.122538
-17.413215,-66.120034
-17.427581,-66.125893
-17.420861,-66.114751
-17.435613,-66.123801
-17.416635,-66.123517
-17.413082,-66.122080
-17.433195,-66.123688
-17.416004,-66.118578
-17.434988,-66.124910
-17.427122,-66.127354
-17.408817,-66.120989
-17.420483,-66.125207
-17.427711,-66.124707
-17.408343,-66.123346
-17.416869,-66.119083
-17.409552,-66.123919
-17.423402,-66.123657
-17.417316,-66.112438
-17.422671,-66.121598
-17.428506,-66.129198
-17.422904,-66.127721
-17.415934,-66.122981
-17.422742,-66.126968
-17.422757,-66.124960
-17.423612,-66.120231
-17.413440,-66.122033
-17.419226,-66.116626
-17.428648,-66.119052
-17.409701,-66.123026
-17.434185,-66.123247
-17.410143,-66.122208
-17.425839,-66.130275
-17.431917,-66.120460
-17.418943,-66.124743
-17.411043,-66.124736
-17.416993,-66.119607
-17.429979,-66.124191
-17.419856,-66.117214
-17.418072,-66.113910
-17.436100,-66.123617
-17.430479,-66.125756
-17.422685,-66.129247
-17.431798,-66.118653
-17.424165,-66.126653
-17.423253,-66.114964
-17.435611,-66.123300
-17.434505,-66.122469
-17.422607,-66.128102
-17.415227,-66.115148
-17.427215,-66.129457
-17.417995,-66.124794
-17.428450,-66.125169
-17.423899,-66.127706
-17.410144,-66.124463
-17.417816,-66.111613
-17.425520,-66.128413
-17.408166,-66.123100
-17.415953,-66.116812
-17.416321,-66.112553
-17.419294,-66.113442
-17.426506,-66.122544
-17.412119,-66.124222
-17.424685,-66.127002
-17.437259,-66.121955
-17.415101,-66.116578
-17.417512,-66.121798
-17.425623,-66.120388
-17.425983,-66.125946
-17.420769,-66.125546
-17.413993,-66.122012
-17.430095,-66.125629
-17.438970,-66.124203
-17.430468,-66.121410
-17.428143,-66.123830
-17.423200,-66.128413
-17.432469,-66.120630
-17.419205,-66.122555
-17.430875,-66.123736
-17.437057,-66.123278
-17.418440,-66.115872
-17.429136,-66.126747
-17.419156,-66.126614
-17.417701,-66.111465
-17.418383,-66.112564
-17.419091,-66.114224
-17.417156,-66.112489
-17.438376,-66.122737
-17.417307,-66.113076
-17.424378,-66.121465
-17.416358,-66.123497
-17.422201,-66.120948
-17.408881,-66.123500
-17.418920,-66.124526
-17.429116,-66.123753
-17.429687,-66.125667
-17.421087,-66.129077
-17.409047,-66.123849
-17.417397,-66.123858
-17.426811,-66.127231
-17.410202,-66.122901
-17.421059,-66.116936
-17.417416,-66.121271
-17.427006,-66.125145
-17.429096,-66.127930
-17.418787,-66.125062
-17.422087,-66.129702
-17.422231,-66.128363
-17.414357,-66.119101
-17.418317,-66.121503
-17.415008,-66.115543
-17.421930,-66.121040
-17.413233,-66.118738
-17.427732,-66.128643
-17.415303,-66.115165
-17.432885,-66.119647
-17.424264,-66.126992
-17.427375,-66.128678
-17.417593,-66.115618
-17.422448,-66.119821
-17.434600,-66.123912
-17.421538,-66.126708
-17.438629,-66.123492
-17.413186,-66.119404
-17.423136,-66.116543
-17.414404,-66.119505
-17.434655,-66.121377
-17.425587,-66.124138
-17.416854,-66.112953
-17.413446,-66.118731
-17.419492,-66.113158
-17.423472,-66.126377
-17.409262,-66.124568
-17.436170,-66.120550
-17.416476,-66.115038
-17.416362,-66.114994
-17.427548,-66.128841
-17.423957,-66.122979
-17.421041,-66.117733
-17.418939,-66.125889
-17.439068,-66.123444
-17.412720,-66.120689
-17.419247,-66.122562
-17.417958,-66.120832
-17.432022,-66.119577
-17.430553,-66.119233
-17.415720,-66.123945
-17.430016,-66.127137
-17.414481,-66.121056
-17.437559,-66.121633
-17.417614,-66.118787
-17.418944,-66.117591
-17.422802,-66.127467
-17.422191,-66.116061
-17.419502,-66.123884
-17.433608,-66.120969
-17.418800,-66.118735
-17.428634,-66.128846
-17.425478,-66.123025
-17.424629,-66.121048
-17.426289,-66.121388
-17.429342,-66.123089
-17.422308,-66.130151
-17.427679,-66.119968
-17.418297,-66.111139
-17.420635,-66.121458
-17.423532,-66.128420
-17.417544,-66.111529
-17.429443,-66.120317
-17.421445,-66.118188
-17.431679,-66.123039
-17.427891,-66.119049
-17.421929,-66.125878
-17.419576,-66.115613
-17.431198,-66.122602
-17.408261,-66.122330
-17.427437,-66.123491
-17.420535,-66.118236
-17.410262,-66.124469
-17.412797,-66.124288
-17.431080,-66.127316
-17.414885,-66.119426
-17.407876,-66.122555
-17.427814,-66.122311
-17.419077,-66.127063
-17.410447,-66.122285
-17.422299,-66.120768
-17.435839,-66.122132
-17.433013,-66.124571
-17.429993,-66.125412
-17.421141,-66.122331
-17.434674,-66.124846
-17.422028,-66.120270
-17.421712,-66.118834
-17.417986,-66.125321
-17.429061,-66.121542
-17.423609,-66.128689
-17.437917,-66.123578
-17.421754,-66.116326
-17.415541,-66.124330
-17.415435,-66.123566
-17.427496,-66.123522
-17.438048,-66.124439
-17.420215,-66.126500
-17.430879,-66.123671
-17.425313,-66.124812
-17.433267,-66.124637
-17.424945,-66.132330
-17.432971,-66.123074
-17.435583,-66.121539
-17.412282,-66.123541
-17.417896,-66.119481
-17.425526,-66.124453
-17.430747,-66.126419
-17.421255,-66.126286
-17.414349,-66.117921
-17.422694,-66.122828
-17.425449,-66.129257
-17.408472,-66.122431
-17.426448,-66.129607
-17.419376,-66.125465
-17.432130,-66.118334
-17.423658,-66.125768
-17.424668,-66.122017
-17.425062,-66.125613
-17.434946,-66.124328
-17.427215,-66.126794
-17.438994,-66.122434
-17.412248,-66.119229
-17.415625,-66.120651
-17.432510,-66.117551
-17.413683,-66.119527
-17.431277,-66.127237
-17.420947,-66.120095
-17.422050,-66.124319
-17.439376,-66.122315
-17.413113,-66.118614
-17.432555,-66.120838
-17.420750,-66.112946
-17.417673,-66.113632
-17.430518,-66.124706
-17.411221,-66.123283
-17.431372,-66.124363
-17.431456,-66.127023
-17.423620,-66.126404
-17.434260,-66.120995
-17.409659,-66.123508
-17.421054,-66.114920
-17.421675,-66.113019
-17.416031,-66.117583
-17.416356,-66.116839
-17.430083,-66.119891
-17.418091,-66.115775
-17.419557,-66.127228
-17.409912,-66.124434
-17.424543,-66.128044
-17.423358,-66.124168
-17.420021,-66.113868
-17.410430,-66.124015
-17.439098,-66.123811
-17.432982,-66.118280
-17.413012,-66.122230
-17.411693,-66.124509
-17.413916,-66.124381
-17.422359,-66.129570
-17.419464,-66.117943
-17.417641,-66.117955
-17.425175,-66.121639
-17.425117,-66.125278
-17.431872,-66.126469
-17.415244,-66.117937
-17.428984,-66.124900
-17.421386,-66.128802
-17.416422,-66.116335
-17.419356,-66.111783
-17.425272,-66.130102
-17.419165,-66.120187
-17.415358,-66.114094
-17.425717,-66.128824
-17.435975,-66.123978
-17.419401,-66.114251
-17.417744,-66.119227
-17.436010,-66.124386
-17.434892,-66.122379
-17.439098,-66.122967
-17.417210,-66.124174
-17.409803,-66.123839
-17.432599,-66.125843
-17.419128,-66.119396
-17.422871,-66.119678
-17.422625,-66.123712
-17.415451,-66.120508
-17.422350,-66.114182
-17.423143,-66.125435
-17.414896,-66.122625
-17.418152,-66.122680
-17.425139,-66.131593
-17.411695,-66.123545
-17.421163,-66.127655
-17.427195,-66.124524
-17.428967,-66.126919
-17.419512,-66.125787
-17.421310,-66.119381
-17.429709,-66.121422
-17.428818,-66.124841
-17.437383,-66.120920
-17.409267,-66.123980
-17.417815,-66.113775
-17.411692,-66.124956
-17.419472,-66.125248
-17.421379,-66.121857
-17.420251,-66.115903
-17.419967,-66.120479
-17.425521,-66.130644
-17.427265,-66.126688
-17.429477,-66.120700
-17.432570,-66.124098
-17.417657,-66.113216
-17.435771,-66.121955
-17.416516,-66.119144
-17.423254,-66.127485
-17.419835,-66.118083
-17.427376,-66.124329
-17.418002,-66.115508
-17.420456,-66.120129
-17.424942,-66.125325
-17.425383,-66.123950
-17.415582,-66.113768
-17.414978,-66.120991
-17.418434,-66.119098
-17.412073,-66.122004
-17.437027,-66.122627
-17.414683,-66.120873
-17.419515,-66.113121
-17.438202,-66.121361
-17.411270,-66.123964
-17.416082,-66.113570
-17.431355,-66.120384
-17.417293,-66.124244
-17.425909,-66.124904
-17.423328,-66.117061
-17.430148,-66.119106
-17.416389,-66.122768
-17.418362,-66.121362
-17.428051,-66.126591
-17.413146,-66.122032
-17.436519,-66.122416
-17.420654,-66.113951
-17.432534,-66.121652
-17.430728,-66.117541
-17.418123,-66.122237
-17.420382,-66.119187
-17.409365,-66.122079
-17.428359,-66.125127
-17.418710,-66.111227
-17.416189,-66.123666
-17.434340,-66.121771
-17.429743,-66.121741
-17.435000,-66.121591
-17.432018,-66.122925
-17.421157,-66.112794
-17.418509,-66.124012
-17.423929,-66.128734
-17.429241,-66.124516
-17.422942,-66.128132
-17.427331,-66.123083
-17.430076,-66.124808
-17.419271,-66.111592
-17.419949,-66.127674
-17.413508,-66.119881
-17.420343,-66.123744
-17.425067,-66.120464
-17.438403,-66.121039
-17.415671,-66.114056
-17.422926,-66.128107
-17.418447,-66.123070
-17.437175,-66.120582
-17.430540,-66.117523
-17.421771,-66.127437
-17.420288,-66.115312
-17.426567,-66.130679
-17.420478,-66.119754
-17.436296,-66.123240
-17.429482,-66.120009
-17.411024,-66.122250
-17.424655,-66.133089
-17.420759,-66.116439
-17.427992,-66.123498
-17.425055,-66.127364
-17.422794,-66.117238
-17.430589,-66.123386
-17.410524,-66.120778
-17.424935,-66.121773
-17.424448,-66.125165
-17.414027,-66.119329
-17.425840,-66.126345
-17.419876,-66.119690
-17.427359,-66.122261
-17.422585,-66.115099
-17.419850,-66.113534
-17.419656,-66.113695
-17.416691,-66.121985
-17.424973,-66.130648
-17.425297,-66.132272
-17.414398,-66.118225
-17.415039,-66.122693
-17.414948,-66.118602
-17.415392,-66.123020
-17.428741,-66.119358
-17.413110,-66.118273
-17.419096,-66.126885
-17.421280,-66.118337
-17.425382,-66.130661
-17.416372,-66.119424
-17.419228,-66.113705
-17.433138,-66.119168
-17.428888,-66.121272
-17.425064,-66.125580
-17.417724,-66.115199
-17.418305,-66.115609
-17.422231,-66.121296
-17.421398,-66.116690
-17.426752,-66.123573
-17.407749,-66.122409
-17.420055,-66.120289
-17.411021,-66.123865
-17.425868,-66.126170
-17.433425,-66.119856
-17.417191,-66.113844
-17.413822,-66.119984
-17.421943,-66.115426
-17.424088,-66.121463
-17.416744,-66.113336
-17.423018,-66.119690
-17.421642,-66.127806
-17.409621,-66.122630
-17.409975,-66.123355
-17.429092,-66.119964
-17.433361,-66.124351
-17.423510,-66.123186
-17.430803,-66.117984
-17.414421,-66.121035
-17.416279,-66.114999
-17.418268,-66.119966
-17.422346,-66.124360
-17.418025,-66.122932
-17.416979,-66.114433
-17.413924,-66.118132
-17.435446,-66.122559
-17.427860,-66.125535
-17.411813,-66.124937
-17.423828,-66.120585
-17.433224,-66.119850
-17.432844,-66.122537
-17.430856,-66.119107
-17.430434,-66.117745
-17.433716,-66.120459
-17.416927,-66.122588
-17.416042,-66.119486
-17.427762,-66.129230
-17.424726,-66.130052
-17.422984,-66.122592
-17.433957,-66.125762
-17.423658,-66.116642
-17.431218,-66.119442
-17.432012,-66.119405
-17.418072,-66.120804
-17.418134,-66.121107
-17.419791,-66.116560
-17.421604,-66.118283
-17.421302,-66.122952
-17.417143,-66.115589
-17.419026,-66.123281
-17.438122,-66.120935
-17.422200,-66.114350
-17.425921,-66.124948
-17.436333,-66.122658
-17.429417,-66.128322
-17.426876,-66.128727
-17.429428,-66.124190
-17.429111,-66.125400
-17.415474,-66.119720
-17.416242,-66.121332
-17.426615,-66.120861
-17.420557,-66.124182
-17.425526,-66.119748
-17.410526,-66.120625
-17.421742,-66.122625
-17.431920,-66.120510
-17.427494,-66.124640
-17.432260,-66.125223
-17.422392,-66.113815
-17.413726,-66.120995
-17.417388,-66.122538
-17.421360,-66.125393
-17.420584,-66.120930
-17.420448,-66.116500
-17.430959,-66.122357
-17.429744,-66.119664
-17.419161,-66.113472
-17.420866,-66.128682
-17.419928,-66.120751
-17.418490,-66.122077
-17.414209,-66.120336
-17.419529,-66.114301
-17.426643,-66.125220
-17.431761,-66.118339
-17.431151,-66.120455
-17.423490,-66.128129
-17.418401,-66.127188
-17.422952,-66.117624
-17.437611,-66.123483
-17.434712,-66.121856
-17.412896,-66.123930
-17.412673,-66.123702
-17.419462,-66.113068
-17.423424,-66.123110
-17.411560,-66.120812
-17.423695,-66.119246
-17.421337,-66.126126
-17.417807,-66.122896
-17.437024,-66.121700
-17.415452,-66.115884
-17.410355,-66.122377
-17.412333,-66.120097
-17.428496,-66.120725
-17.415072,-66.116408
-17.423344,-66.119092
-17.427361,-66.127257
-17.420773,-66.124680
-17.415429,-66.119871
-17.425094,-66.123756
-17.426770,-66.127937
-17.422680,-66.129170
-17.424704,-66.130961
-17.426192,-66.124057
-17.419241,-66.113989
-17.421478,-66.113544
-17.412635,-66.119739
-17.412324,-66.121714
-17.417652,-66.122058
-17.419896,-66.124814
-17.418738,-66.116075
-17.433775,-66.121669
-17.417548,-66.121776
-17.411621,-66.120715
-17.431384,-66.117838
-17.420376,-66.128829
-17.430733,-66.127462
-17.417135,-66.124824
-17.411268,-66.125279
-17.437018,-66.120317
-17.432803,-66.123114
-17.422170,-66.120473
-17.433689,-66.121128
-17.410111,-66.122461
-17.420821,-66.121178
-17.419556,-66.116247
-17.432272,-66.122602
-17.424728,-66.127398
-17.431964,-66.118206
-17.425927,-66.127216
-17.414522,-66.121455
-17.426325,-66.122031
-17.411227,-66.123209
-17.420744,-66.118747
-17.426770,-66.120504
-17.419795,-66.124729
-17.425764,-66.129004
-17.419530,-66.127059
-17.421270,-66.124868
-17.429914,-66.121134
-17.416772,-66.112974
-17.419044,-66.126633
-17.436068,-66.124253
-17.436166,-66.120411
-17.415535,-66.121986
-17.420055,-66.127527
-17.422604,-66.121778
-17.414739,-66.123468
-17.435643,-66.122781
-17.422344,-66.122011
-17.420290,-66.125972
-17.420740,-66.127420
-17.418840,-66.116273
-17.415438,-66.115816
-17.424923,-66.131144
-17.414244,-66.125193
-17.436655,-66.120870
-17.433004,-66.121179
-17.421342,-66.116836
-17.424429,-66.131490
-17.417597,-66.121381
-17.420456,-66.115199
-17.433777,-66.122668
-17.420500,-66.118005
-17.432529,-66.119425
-17.420515,-66.113447
-17.418482,-66.121534
-17.432626,-66.123182
-17.412129,-66.122944
-17.418544,-66.126942
-17.432896,-66.124646
-17.426401,-66.123671
-17.424924,-66.125396
-17.419909,-66.116971
-17.434350,-66.125441
-17.431296,-66.123530
-17.429622,-66.118796
-17.432924,-66.123272
-17.428665,-66.125981
-17.426402,-66.119557
-17.417634,-66.120853
-17.413935,-66.119120
-17.423652,-66.127122
-17.437617,-66.121039
-17.438056,-66.121983
-17.412269,-66.122581
-17.437131,-66.123339
-17.420599,-66.112378
-17.419213,-66.118691
-17.423369,-66.121492
-17.427991,-66.123322
-17.410754,-66.121974
-17.411124,-66.120959
-17.420178,-66.123913
-17.426205,-66.128929
-17.411216,-66.122650
-17.413449,-66.120356
-17.414709,-66.117288
-17.432524,-66.123222
-17.429278,-66.125422
-17.431772,-66.119338
-17.423784,-66.123592
-17.428457,-66.127679
-17.421591,-66.118038
-17.408384,-66.124071
-17.423355,-66.121895
-17.411681,-66.122636
-17.432847,-66.125232
-17.418057,-66.121824
-17.427311,-66.129181
-17.415557,-66.115225
-17.435401,-66.121836
-17.417821,-66.110939
-17.431279,-66.120201
-17.417506,-66.122643
-17.431777,-66.119416
-17.436990,-66.120940
-17.421908,-66.124591
-17.434274,-66.120643
-17.432281,-66.121061
-17.423535,-66.117482
-17.418537,-66.116640
-17.415902,-66.113855
-17.421413,-66.126401
-17.413979,-66.124032
-17.425810,-66.131053
-17.417723,-66.120593
-17.429022,-66.120087
-17.425552,-66.126961
-17.410246,-66.124018
-17.425228,-66.128394
-17.415936,-66.116404
-17.427331,-66.122831
-17.428513,-66.124819
-17.417183,-66.120042
-17.420164,-66.118966
-17.420514,-66.127801
-17.415686,-66.114707
-17.423897,-66.129291
-17.428338,-66.126015
-17.431418,-66.123732
-17.434848,-66.122438
-17.434557,-66.120133
-17.416569,-66.122890
-17.434572,-66.120973
-17.426208,-66.125739
-17.424458,-66.121107
-17.422933,-66.126263
-17.420819,-66.116027
-17.424119,-66.128694
-17.413170,-66.119502
-17.420928,-66.126471
-17.428657,-66.125911
-17.425545,-66.123817
-17.412047,-66.119442
-17.418912,-66.123694
-17.414708,-66.124140
-17.413797,-66.118307
-17.423966,-66.129019
-17.419511,-66.124593
-17.416651,-66.116011
-17.433341,-66.125433
-17.439426,-66.122891
-17.420485,-66.120046
-17.420140,-66.120611
-17.433810,-66.118939
-17.427178,-66.124416
-17.411542,-66.122733
-17.427170,-66.127453
-17.429770,-66.126798
-17.416270,-66.123147
-17.415425,-66.120233
-17.431709,-66.124859
-17.421122,-66.123658
-17.408966,-66.123125
-17.433778,-66.121424
-17.428602,-66.121555
-17.434439,-66.121257
-17.427462,-66.129213
-17.424241,-66.126001
-17.415359,-66.124797
-17.421303,-66.118290
-17.424690,-66.126328
-17.421523,-66.116706
-17.431479,-66.121241
-17.421801,-66.120321
-17.421245,-66.121624
-17.413841,-66.118402
-17.434461,-66.123795
-17.421125,-66.113208
-17.419619,-66.116502
-17.419659,-66.123565
-17.418427,-66.124235
-17.432925,-66.118269
-17.418622,-66.117739
-17.407341,-66.122419
-17.418591,-66.116815
-17.427415,-66.123340
-17.419621,-66.114911
-17.428659,-66.126216
-17.410065,-66.120620
-17.421592,-66.127412
-17.410695,-66.122534
-17.417162,-66.121714
-17.431235,-66.126295
-17.421063,-66.114363
-17.428106,-66.122120
-17.424219,-66.132853
-17.428758,-66.122106
-17.417014,-66.124551
-17.431879,-66.125595
-17.421794,-66.114081
-17.421354,-66.126209
-17.418245,-66.120544
-17.419959,-66.120220
-17.434691,-66.119706
-17.424932,-66.130818
-17.422030,-66.128725
-17.419197,-66.121320
-17.425405,-66.125720
-17.413868,-66.122683
-17.416254,-66.118835
-17.431364,-66.125909
-17.414713,-66.117292
-17.415510,-66.121562
-17.415559,-66.123618
-17.432559,-66.120257
-17.431506,-66.121634
-17.411562,-66.124343
-17.429396,-66.118982
-17.425129,-66.118248
-17.415367,-66.122219
-17.420591,-66.128824
-17.421372,-66.123829
-17.422828,-66.117949
-17.432556,-66.121007
-17.412565,-66.121458
-17.425477,-66.120148
-17.419305,-66.123052
-17.430562,-66.120846
-17.428096,-66.122080
-17.417020,-66.124910
-17.433141,-66.119803
-17.417315,-66.118905
-17.414946,-66.124305
-17.416579,-66.121603
-17.415007,-66.122036
-17.425354,-66.132067
-17.426446,-66.129050
-17.419887,-66.121041
-17.421897,-66.118847
-17.425871,-66.125384
-17.431111,-66.118251
-17.418754,-66.121579
-17.425117,-66.119737
-17.422845,-66.122182
-17.427634,-66.127355
-17.428118,-66.124200
-17.411319,-66.121713
-17.419126,-66.116944
-17.409639,-66.122456
-17.430002,-66.125592
-17.417534,-66.125135
-17.428857,-66.122689
-17.416421,-66.124275
-17.421646,-66.113324
-17.411854,-66.121197
-17.433809,-66.123499
-17.435090,-66.120556
-17.430349,-66.121263
-17.422643,-66.118137
-17.412340,-66.119997
-17.431932,-66.124991
-17.419235,-66.113411
-17.422935,-66.117021
-17.429109,-66.124190
-17.423658,-66.119385
-17.432358,-66.120906
-17.428644,-66.120520
-17.422259,-66.123886
-17.431434,-66.117764
-17.430858,-66.120501
-17.416890,-66.123556
-17.434801,-66.123720
-17.431224,-66.121345
-17.431495,-66.119562
-17.424532,-66.131362
-17.436539,-66.121060
-17.421362,-66.118455
-17.413875,-66.122896
-17.414547,-66.121358
-17.421028,-66.129262
-17.431534,-66.120412
-17.417069,-66.122840
-17.418578,-66.118431
-17.418197,-66.119691
-17.430716,-66.121551
-17.418689,-66.119798
-17.428098,-66.121121
-17.433964,-66.120171
-17.421295,-66.121682
-17.420089,-66.128167
-17.434398,-66.123220
-17.421121,-66.129487
-17.428650,-66.124872
-17.430561,-66.119257
-17.431488,-66.117649
-17.436675,-66.124110
-17.428181,-66.120815
-17.432862,-66.118771
-17.435827,-66.121484
-17.415542,-66.116712
-17.426368,-66.123994
-17.425093,-66.125491
-17.432587,-66.121894
-17.412064,-66.120361
-17.424864,-66.121624
-17.430024,-66.126258
-17.409339,-66.124689
-17.409051,-66.122727
-17.427711,-66.123190
-17.413963,-66.119176
-17.421702,-66.125643
-17.438084,-66.121234
-17.418733,-66.122798
-17.420782,-66.121773
-17.421117,-66.122612
-17.426618,-66.119485
-17.426516,-66.123315
-17.418230,-66.112005
-17.413410,-66.122743
-17.436523,-66.121382
-17.422440,-66.118248
-17.411490,-66.121607
-17.432865,-66.118156
-17.407629,-66.123021
-17.419773,-66.118272
-17.412457,-66.122959
-17.421324,-66.125041
-17.421900,-66.123271
-17.424716,-66.126328
-17.420045,-66.127380
-17.430566,-66.122507
-17.424188,-66.123651
-17.418513,-66.126135
-17.427480,-66.129807
-17.417919,-66.122739
-17.436272,-66.122533
-17.437268,-66.120578
-17.424197,-66.125492
-17.428528,-66.127792
-17.436048,-66.121056
-17.418133,-66.119659
-17.416706,-66.124132
-17.427425,-66.128479
-17.429650,-66.118102
-17.421832,-66.124873
-17.414455,-66.120423
-17.418771,-66.113345
-17.424109,-66.120236
-17.433677,-66.125958
-17.419508,-66.124355
-17.428948,-66.120714
-17.431894,-66.123507
-17.421608,-66.119366
-17.419430,-66.128051
-17.410949,-66.125004
-17.429411,-66.126970
-17.429667,-66.122931
-17.433599,-66.124080
-17.421446,-66.127719
-17.438649,-66.123994
-17.428382,-66.127898
-17.418014,-66.118852
-17.429818,-66.127994
-17.423108,-66.125640
-17.437145,-66.122695
-17.438157,-66.122917
-17.416572,-66.113686
-17.419639,-66.127534
-17.417996,-66.117193
-17.413840,-66.119427
-17.430284,-66.122302
-17.435128,-66.121468
-17.417446,-66.120634
-17.414015,-66.121986
-17.415953,-66.119981
-17.433285,-66.122914
-17.418297,-66.119754
-17.412323,-66.121854
-17.420747,-66.118815
-17.428254,-66.128696
-17.417867,-66.116025
-17.418196,-66.119157
-17.416454,-66.123691
-17.424559,-66.128448
-17.429802,-66.121748
-17.420634,-66.122274
-17.416301,-66.114718
-17.415535,-66.118209
-17.423286,-66.117558
-17.422871,-66.118401
-17.420810,-66.116809
-17.423299,-66.127424
-17.423792,-66.122890
-17.433060,-66.120634
-17.421023,-66.129061
-17.415557,-66.115555
-17.417508,-66.113420
-17.420039,-66.120463
-17.417629,-66.121846
-17.422047,-66.116679
-17.415736,-66.115969
-17.423212,-66.121128
-17.410092,-66.125058
-17.419971,-66.116833
-17.425521,-66.128925
-17.418347,-66.114655
-17.431631,-66.124835
-17.436461,-66.120277
-17.417700,-66.121734
-17.425279,-66.126397
-17.430584,-66.127117
-17.421580,-66.114798
-17.422130,-66.119062
-17.423815,-66.120526
-17.424330,-66.128242
-17.422859,-66.123146
-17.416785,-66.112580
-17.429489,-66.119494
-17.413506,-66.124882
-17.409892,-66.120980
-17.429621,-66.126156
-17.424388,-66.130425
-17.433119,-66.118495
-17.414423,-66.120513
-17.432070,-66.121997
-17.425281,-66.122748
-17.412961,-66.122389
-17.426960,-66.123288
-17.412495,-66.120094
-17.434089,-66.123085
-17.418255,-66.126655
-17.424362,-66.126031
-17.424071,-66.125724
-17.419492,-66.114731
-17.424424,-66.132923
-17.428467,-66.129133
-17.431142,-66.119297
-17.412183,-66.119100
-17.421181,-66.117410
-17.423814,-66.126347
-17.420143,-66.128271
-17.416324,-66.114065
-17.422900,-66.117869
-17.424196,-66.119028
-17.422108,-66.124644
-17.412587,-66.124710
-17.433196,-66.121344
-17.436677,-66.123080
-17.427283,-66.119952
-17.427491,-66.121273
-17.420861,-66.121853
-17.420815,-66.116999
-17.421123,-66.121433
-17.420337,-66.125230
-17.423782,-66.118712
-17.411611,-66.120165
-17.432543,-66.120278
-17.417656,-66.116880
-17.408168,-66.121914
-17.421021,-66.117009
-17.435945,-66.120796
-17.422680,-66.119569
-17.418529,-66.126830
-17.413235,-66.121478
-17.421746,-66.126769
-17.415198,-66.119977
-17.420834,-66.116011
-17.421762,-66.120329
-17.422999,-66.121747
-17.417229,-66.115103
-17.423967,-66.123160
-17.413995,-66.119479
-17.431389,-66.117756
-17.420451,-66.117170
-17.416783,-66.119069
-17.428799,-66.118504
-17.426541,-66.123626
-17.420668,-66.113885
-17.421637,-66.119316
-17.423857,-66.127397
-17.407899,-66.121870
-17.426985,-66.128225
-17.419507,-66.122424
-17.421882,-66.120670
-17.418692,-66.121034
-17.432928,-66.122849
-17.408782,-66.121007
-17.418323,-66.118972
-17.425985,-66.128726
-17.433028,-66.119587
-17.426173,-66.124794
-17.428188,-66.125813
-17.425785,-66.122189
-17.422132,-66.120285
-17.425953,-66.127923
-17.421779,-66.118637
-17.425563,-66.119113
-17.411101,-66.120056
-17.438479,-66.123986
-17.425910,-66.122992
-17.412497,-66.121940
-17.434458,-66.124219
-17.418268,-66.117601
-17.416431,-66.114131
-17.420166,-66.127341
-17.410928,-66.120529
-17.424424,-66.128537
-17.429789,-66.118059
-17.429364,-66.123486
-17.412226,-66.122937
-17.422622,-66.117407
-17.427595,-66.124096
-17.412610,-66.121866
-17.426071,-66.125180
-17.415991,-66.122169
-17.416430,-66.121022
-17.413609,-66.122706
-17.437229,-66.123322
-17.424173,-66.125985
-17.432526,-66.118906
-17.433510,-66.124467
-17.428671,-66.118572
-17.423013,-66.124409
-17.424505,-66.132600
-17.422897,-66.128035
-17.424376,-66.129373
-17.423700,-66.122783
-17.433488,-66.118330
-17.432978,-66.119739
-17.420326,-66.117233
-17.432407,-66.123267
-17.425746,-66.130223
-17.431013,-66.125529
-17.415433,-66.118239
-17.419196,-66.128446
-17.421002,-66.118133
-17.412655,-66.123565
-17.413261,-66.125198
-17.424602,-66.119253
-17.414526,-66.124657
-17.428331,-66.122423
-17.426752,-66.119804
-17.415303,-66.118456
-17.426348,-66.128443
-17.427583,-66.129543
-17.429872,-66.123424
-17.439355,-66.122038
-17.418340,-66.126418
-17.411381,-66.120477
-17.425972,-66.124179
-17.421266,-66.115674
-17.418460,-66.123888
-17.426230,-66.131110
-17.414871,-66.117503
-17.413940,-66.124776
-17.415678,-66.114066
-17.418236,-66.122763
-17.416557,-66.120204
-17.427353,-66.128562
-17.431869,-66.118931
-17.420606,-66.115166
-17.412646,-66.121068
-17.414580,-66.117097
-17.431256,-66.119478
-17.423072,-66.119155
-17.421978,-66.128376
-17.415921,-66.122931
-17.427014,-66.122023
-17.438613,-66.124097
-17.421383,-66.121776
-17.416140,-66.115819
-17.414428,-66.121792
-17.425705,-66.122785
-17.424955,-66.131341
-17.418242,-66.124259
-17.421134,-66.120973
-17.419723,-66.119588
-17.413801,-66.117714
-17.414754,-66.116429
-17.420398,-66.117229
-17.415273,-66.116875
-17.427447,-66.120068
-17.422572,-66.127255
-17.423089,-66.115007
-17.419375,-66.118359
-17.424279,-66.131845
-17.434163,-66.122227
-17.418646,-66.119861
-17.421907,-66.118912
-17.428131,-66.129435
-17.417971,-66.122320
-17.423190,-66.119353
-17.420876,-66.129071
-17.416236,-66.123562
-17.418800,-66.126001
-17.437650,-66.120607
-17.420636,-66.128038
-17.414081,-66.122920
-17.430088,-66.121441
-17.413275,-66.118989
-17.422507,-66.116150
-17.418064,-66.119150
-17.418047,-66.121200
-17.421159,-66.126686
-17.430459,-66.122793
-17.433120,-66.124244
-17.422527,-66.113629
-17.427180,-66.120303
-17.426940,-66.119374
-17.419790,-66.116401
-17.417091,-66.118885
-17.420560,-66.128399
-17.433784,-66.119650
-17.418767,-66.113270
-17.419515,-66.113932
-17.424468,-66.125057
-17.419647,-66.124301
-17.427049,-66.121073
-17.410765,-66.123162
-17.429920,-66.126945
-17.422808,-66.128539
-17.421819,-66.116219
-17.418114,-66.125663
-17.420854,-66.124649
-17.417075,-66.118219
-17.429305,-66.124621
-17.411513,-66.120553
-17.435365,-66.124251
-17.419879,-66.120616
-17.423774,-66.129566
-17.427451,-66.127745
-17.417101,-66.123333
-17.424354,-66.119329
-17.407660,-66.121502
-17.429341,-66.127606
-17.419113,-66.122896
-17.437129,-66.123226
-17.411744,-66.122883
-17.427933,-66.119160
-17.423371,-66.123107
-17.417217,-66.123992
-17.417873,-66.124392
-17.427185,-66.123761
-17.422018,-66.129714
-17.418545,-66.126201
-17.416027,-66.117493
-17.416928,-66.115403
-17.422054,-66.120322
-17.423102,-66.123964
-17.427106,-66.121429
-17.422567,-66.127965
-17.427556,-66.124684
-17.409161,-66.121331
-17.428888,-66.126740
-17.435758,-66.123848
-17.416924,-66.115953
-17.433792,-66.125488
-17.413970,-66.122834
-17.429327,-66.122932
-17.431640,-66.119727
-17.419577,-66.112181
-17.419805,-66.117755
-17.427187,-66.123406
-17.427223,-66.130025
-17.409551,-66.122785
-17.434824,-66.123613
-17.421130,-66.116944
-17.435495,-66.120748
-17.433073,-66.120531
-17.418644,-66.119746
-17.410043,-66.124386
-17.435486,-66.122233
-17.416938,-66.116610
-17.425748,-66.129042
-17.420683,-66.116975
-17.417924,-66.123693
-17.416633,-66.114712
-17.418042,-66.124622
-17.412050,-66.125256
-17.412994,-66.124631
-17.426656,-66.130561
-17.420911,-66.118210
-17.418285,-66.121646
-17.420908,-66.127014
-17.420076,-66.119250
-17.415238,-66.118072
-17.422666,-66.120903
-17.429233,-66.126907
-17.418513,-66.126036
-17.419586,-66.117662
-17.432123,-66.119413
-17.422713,-66.116067
-17.421353,-66.118100
-17.420270,-66.122190
-17.421772,-66.125422
-17.421557,-66.126392
-17.432290,-66.126749
-17.426261,-66.119614
-17.435641,-66.124711
-17.419055,-66.114736
-17.413686,-66.122799
-17.412882,-66.118307
-17.418958,-66.113350
-17.415813,-66.117526
-17.423272,-66.120442
-17.421901,-66.123937
-17.422983,-66.120300
-17.431675,-66.121414
-17.426744,-66.124058
-17.421043,-66.122317
-17.408335,-66.123221
-17.425717,-66.123510
-17.415290,-66.117865
-17.431326,-66.123348
-17.424236,-66.124453
-17.423227,-66.128542
-17.412725,-66.121377
-17.429311,-66.125257
-17.413529,-66.118412
-17.436741,-66.120761
-17.422103,-66.116339
-17.422173,-66.125194
-17.435573,-66.122695
-17.407752,-66.121411
-17.413016,-66.124898
-17.418282,-66.114461
-17.438995,-66.122146
-17.421523,-66.117092
-17.424027,-66.128037
-17.425141,-66.121017
-17.429983,-66.124159
-17.414444,-66.122859
-17.423405,-66.120480
-17.415251,-66.114155
-17.426028,-66.125546
-17.423848,-66.128332
-17.434170,-66.122737
-17.416634,-66.121559
-17.422043,-66.125865
-17.410439,-66.122371
-17.413790,-66.123858
-17.417463,-66.114590
-17.423225,-66.128527
-17.436600,-66.121741
-17.426926,-66.124767
-17.423959,-66.129875
-17.437204,-66.122855
-17.414245,-66.124304
-17.435903,-66.122189
-17.424335,-66.129295
-17.427926,-66.128338
-17.427113,-66.128596
-17.432512,-66.121653
-17.411340,-66.123661
-17.419124,-66.115881
-17.418197,-66.117392
-17.415826,-66.122751
-17.420557,-66.119858
-17.425963,-66.126608
-17.423765,-66.129127
-17.433634,-66.122061
-17.414372,-66.121983
-17.424698,-66.126051
-17.424706,-66.131229
-17.422255,-66.118587
-17.416436,-66.120725
-17.431455,-66.118641
-17.426145,-66.119404
-17.424369,-66.119376
-17.428244,-66.129046
-17.417256,-66.124331
-17.422399,-66.114357
-17.415853,-66.120249
-17.419349,-66.118505
-17.423001,-66.117531
-17.416992,-66.118546
-17.416651,-66.115193
-17.421970,-66.114362
-17.416428,-66.117665
-17.422760,-66.122122
-17.436721,-66.124456
-17.423789,-66.126989
-17.426609,-66.123180
-17.413258,-66.125253
-17.419355,-66.115878
-17.418521,-66.123227
-17.439434,-66.123312
-17.428869,-66.127257
-17.423001,-66.125463
-17.411889,-66.120011
-17.415948,-66.119521
-17.420368,-66.115345
-17.415303,-66.124877
-17.422891,-66.125999
-17.425256,-66.129449
-17.422792,-66.128666
-17.421786,-66.128206
-17.430827,-66.124596
-17.437555,-66.120540
-17.417422,-66.118311
-17.409895,-66.122981
-17.423458,-66.117930
-17.422854,-66.121232
-17.426112,-66.127088
-17.412328,-66.121298
-17.421901,-66.125664
-17.416865,-66.112340
-17.430049,-66.121418
-17.417936,-66.115411
-17.415591,-66.115068
-17.424406,-66.128275
-17.417458,-66.125474
-17.419612,-66.118178
-17.432680,-66.124462
-17.428436,-66.122024
-17.426032,-66.127608
-17.414790,-66.120877
-17.426698,-66.122019
-17.420022,-66.128082
-17.421588,-66.113974
-17.421313,-66.119710
-17.421526,-66.115767
-17.422066,-66.119410
-17.424110,-66.128682
-17.435308,-66.123793
-17.422147,-66.113331
-17.417736,-66.112190
-17.436081,-66.122532
-17.417168,-66.112564
-17.427061,-66.120230
-17.418300,-66.117676
-17.424797,-66.127618
-17.416523,-66.112887
-17.416087,-66.116502
-17.412705,-66.121945
-17.433931,-66.123222
-17.430443,-66.120112
-17.426355,-66.127047
-17.421496,-66.129174
-17.437892,-66.121562
-17.433909,-66.120158
-17.431923,-66.126845
-17.416012,-66.116545
-17.420674,-66.126327
-17.420048,-66.121923
-17.420553,-66.128564
-17.415474,-66.122646
-17.418174,-66.118869
-17.435159,-66.120777
-17.421804,-66.113943
-17.417824,-66.113251
-17.424566,-66.118498
-17.411654,-66.120139
-17.431717,-66.120466
-17.430945,-66.126579
-17.437489,-66.122441
-17.426927,-66.122947
-17.409118,-66.122331
-17.417646,-66.117183
-17.422979,-66.126882
-17.409085,-66.124476
-17.427025,-66.127281
-17.423360,-66.126545
-17.417453,-66.123085
-17.423713,-66.116921
-17.419864,-66.128490
-17.420220,-66.127204
-17.422308,-66.115982
-17.419593,-66.120310
-17.421532,-66.117588
-17.420783,-66.128746
-17.422978,-66.125928
-17.419554,-66.112987
-17.426118,-66.128564
-17.436175,-66.123739
-17.421372,-66.117591
-17.415195,-66.123018
-17.436639,-66.123035
-17.432508,-66.119935
-17.419485,-66.114556
-17.417759,-66.111587
-17.416538,-66.117891
-17.437109,-66.122125
-17.431059,-66.120247
-17.425043,-66.130993
-17.423410,-66.127369
-17.416898,-66.124273
-17.419379,-66.125299
-17.418751,-66.124745
-17.434565,-66.122644
-17.422050,-66.113789
-17.433611,-66.122657
-17.414441,-66.123846
-17.418610,-66.123477
-17.418446,-66.123228
-17.437377,-66.124541
-17.418476,-66.117058
-17.431301,-66.126244
-17.431607,-66.125117
-17.432291,-66.117695
-17.408007,-66.122781
-17.415937,-66.121385
-17.416515,-66.120117
-17.414362,-66.124499
-17.408771,-66.123913
-17.427950,-66.119684
-17.411383,-66.124114
-17.424257,-66.132557
-17.411535,-66.124124
-17.416597,-66.120588
-17.431359,-66.124403
-17.420587,-66.123497
-17.419421,-66.114589
-17.415645,-66.115338
-17.410915,-66.124129
-17.420324,-66.122432
-17.408901,-66.124095
-17.413524,-66.121161
-17.421734,-66.116809
-17.416223,-66.117297
-17.432378,-66.124460
-17.424417,-66.124131
-17.418752,-66.121723
-17.417950,-66.117988
-17.423925,-66.124549
-17.432290,-66.124920
-17.421946,-66.118069
-17.425740,-66.125265
-17.424117,-66.118738
-17.418604,-66.116909
-17.422024,-66.121197
-17.412579,-66.125338
-17.424200,-66.125040
-17.417236,-66.115550
-17.417535,-66.121820
-17.420315,-66.127235
-17.433740,-66.122268
-17.420187,-66.116084
-17.416863,-66.114532
-17.415717,-66.114133
-17.422971,-66.118388
-17.424371,-66.127765
-17.428500,-66.121807
-17.422608,-66.116754
-17.423234,-66.117984
-17.423567,-66.129732
-17.434042,-66.125715
-17.414429,-66.122849
-17.423307,-66.123643
-17.419071,-66.111912
-17.437966,-66.122407
-17.429295,-66.119461
-17.432768,-66.121260
-17.422526,-66.127415
-17.427667,-66.122270
-17.418821,-66.127353
-17.413933,-66.120195
-17.417869,-66.111102
-17.423154,-66.124861
-17.415195,-66.123991
-17.418226,-66.116434
-17.428466,-66.127774
-17.418677,-66.125683
-17.433423,-66.118840
-17.413154,-66.124007
-17.416848,-66.119876
-17.419562,-66.126551
-17.428936,-66.126378
-17.424928,-66.127017
-17.429020,-66.119634
-17.417943,-66.115601
-17.422614,-66.123070
-17.426607,-66.126494
-17.424622,-66.118637
-17.435311,-66.124496
-17.417147,-66.120111
-17.436564,-66.120591
-17.419751,-66.120567
-17.417464,-66.125036
-17.433239,-66.124791
-17.431673,-66.123358
-17.419031,-66.118832
-17.422865,-66.125791
-17.419553,-66.120321
-17.429085,-66.127399
-17.410597,-66.123208
-17.420202,-66.125447
-17.435995,-66.123185
-17.421901,-66.120840
-17.417454,-66.119034
-17.419318,-66.116891
-17.423662,-66.118038
-17.433190,-66.120541
-17.434744,-66.119743
-17.414753,-66.116317
-17.420415,-66.116847
-17.409172,-66.124009
-17.411976,-66.119411
-17.427799,-66.129585
-17.410095,-66.124640
-17.418609,-66.126804
-17.420782,-66.119691
-17.425197,-66.121486
-17.412804,-66.119311
-17.419983,-66.125966
-17.422342,-66.121767
-17.421530,-66.118756
-17.423287,-66.120542
-17.425225,-66.130527
-17.415816,-66.124583
-17.429438,-66.124001
-17.418001,-66.120258
-17.429050,-66.123719
-17.415760,-66.113413
-17.430655,-66.117681
-17.428088,-66.122814
-17.423769,-66.119017
-17.416312,-66.116546
-17.433205,-66.123073
-17.431794,-66.120848
-17.408819,-66.121669
-17.424186,-66.123404
-17.417713,-66.121427
-17.421452,-66.129687
-17.418127,-66.113066
-17.413142,-66.119267
-17.421943,-66.129812
-17.420569,-66.123819
-17.415079,-66.119106
-17.428957,-66.119023
-17.427615,-66.129633
-17.429970,-66.123684
-17.412073,-66.122590
-17.421704,-66.113853
-17.416717,-66.120784
-17.435160,-66.121181
-17.418118,-66.118318
-17.420437,-66.116875
-17.427240,-66.129638
-17.414376,-66.118351
-17.415063,-66.121609
-17.424623,-66.119778
-17.420460,-66.112663
-17.421200,-66.119714
-17.424095,-66.128310
-17.409387,-66.121295
-17.415931,-66.119311
-17.430804,-66.123837
-17.417424,-66.111787
-17.422234,-66.117553
-17.437281,-66.120532
-17.425468,-66.129155
-17.407690,-66.122127
-17.421492,-66.114305
-17.413154,-66.123562
-17.419078,-66.127424
-17.413080,-66.120582
-17.424919,-66.123360
-17.425674,-66.126629
-17.419766,-66.118888
-17.430653,-66.122037
-17.435011,-66.120562
-17.416319,-66.119110
-17.417809,-66.121068
-17.421896,-66.121424
-17.415895,-66.122212
-17.431489,-66.126680
-17.423954,-66.120190
-17.421273,-66.123338
-17.427483,-66.128637
-17.428250,-66.127115
-17.421773,-66.117954
-17.414530,-66.120118
-17.416502,-66.122275
-17.424475,-66.122015
-17.435002,-66.120794
-17.417669,-66.123247
-17.410215,-66.121076
-17.435245,-66.120372
-17.420628,-66.113414
-17.421888,-66.128792
-17.422398,-66.114883
-17.412493,-66.118777
-17.418950,-66.121351
-17.424366,-66.132137
-17.432721,-66.124836
-17.425998,-66.125700
-17.421245,-66.117251
-17.433270,-66.122146
-17.423530,-66.125745
-17.422826,-66.125253
-17.418560,-66.113208
-17.433043,-66.121454
-17.432319,-66.124555
-17.419416,-66.123676
-17.413690,-66.124333
-17.435000,-66.122168
-17.425257,-66.131112
-17.417022,-66.122059
-17.422296,-66.119771
-17.420771,-66.124364
-17.412339,-66.124556
-17.423918,-66.116232
-17.433457,-66.123025
-17.423950,-66.117434
-17.426123,-66.128042
-17.438478,-66.122891
-17.426129,-66.119829
-17.409537,-66.121915
-17.430726,-66.118491
-17.421226,-66.122272
-17.425806,-66.129719
-17.418253,-66.111053
-17.422260,-66.129995
-17.415397,-66.115332
-17.431842,-66.127001
-17.433537,-66.123278
-17.416119,-66.113486
-17.420432,-66.120412
-17.414524,-66.122145
-17.433143,-66.118476
-17.412849,-66.123330
-17.428536,-66.121258
-17.418627,-66.125745
-17.422795,-66.123224
-17.423724,-66.124113
-17.420596,-66.127372
-17.414245,-66.124401
-17.433782,-66.121671
-17.420173,-66.124469
-17.415467,-66.118370
-17.423421,-66.126556
-17.418846,-66.126370
-17.432910,-66.123253
-17.414433,-66.123206
-17.424556,-66.128193
-17.419386,-66.127942
-17.411246,-66.124741
-17.414650,-66.123224
-17.426178,-66.125769
-17.428204,-66.123686
-17.409112,-66.122472
-17.430265,-66.119326
-17.421291,-66.119371
-17.417912,-66.125639
-17.419266,-66.119365
-17.419083,-66.116779
-17.422950,-66.123740
-17.426447,-66.130597
-17.418108,-66.114594
-17.431001,-66.118569
-17.433047,-66.122117
-17.421841,-66.113911
-17.428422,-66.126616
-17.429217,-66.126929
-17.415918,-66.121892
-17.420180,-66.112766
-17.418328,-66.124103
-17.417843,-66.111077
-17.424467,-66.122229
-17.419979,-66.119518
-17.412686,-66.120873
-17.419182,-66.118458
-17.408078,-66.122059
-17.432724,-66.118106
-17.428864,-66.127933
-17.428932,-66.120164
-17.416717,-66.116334
-17.415200,-66.123836
-17.410086,-66.121984
-17.419662,-66.113126
-17.420842,-66.112514
-17.431228,-66.119450
-17.433345,-66.122484
-17.419932,-66.128551
-17.421021,-66.124793
-17.432426,-66.118682
-17.408431,-66.121126
-17.429387,-66.127697
-17.413029,-66.119039
-17.419081,-66.112308
-17.421245,-66.116931
-17.424749,-66.126771
-17.409449,-66.124958
-17.418917,-66.119070
-17.423113,-66.122282
-17.436234,-66.120460
-17.437743,-66.123619
-17.408930,-66.121602
-17.419994,-66.119963
-17.433491,-66.120787
-17.410711,-66.121918
-17.408440,-66.123698
-17.435095,-66.121310
-17.423711,-66.120909
-17.434908,-66.123105
-17.421640,-66.118284
-17.431546,-66.122938
-17.415386,-66.115653
-17.431540,-66.120778
-17.428893,-66.124110
-17.423140,-66.122840
-17.416710,-66.121886
-17.417613,-66.111485
-17.439895,-66.122568
-17.421417,-66.129420
-17.429113,-66.125049
-17.423915,-66.126829
-17.427127,-66.122357
-17.430534,-66.122336
-17.418345,-66.117212
-17.435561,-66.120667
-17.417686,-66.120261
-17.420268,-66.126888
-17.414796,-66.121983
-17.423420,-66.121173
-17.429487,-66.119325
-17.423608,-66.118028
-17.420234,-66.125646
-17.416531,-66.122038
-17.422338,-66.122594
-17.427767,-66.127724
-17.431967,-66.123647
-17.428923,-66.126868
-17.434200,-66.120499
-17.428054,-66.122744
-17.426138,-66.130331
-17.436917,-66.124436
-17.432203,-66.124070
-17.424271,-66.128488
-17.423865,-66.125186
-17.421102,-66.128723
-17.420343,-66.129331
-17.411719,-66.123432
-17.417391,-66.116120
-17.435823,-66.121845
-17.427638,-66.123246
-17.434284,-66.119649
-17.420451,-66.128923
-17.419400,-66.122554
-17.429202,-66.128111
-17.425342,-66.126909
-17.437366,-66.121689
-17.422670,-66.122955
-17.421376,-66.125694
-17.425083,-66.122485
-17.432287,-66.124333
-17.416511,-66.113750
-17.420871,-66.122123
-17.419743,-66.120371
-17.425014,-66.131256
-17.416149,-66.121313
-17.414831,-66.116539
-17.412387,-66.123103
-17.424033,-66.124711
-17.410052,-66.120909
-17.413121,-66.118220
-17.417436,-66.122953
-17.429425,-66.121643
-17.435721,-66.120572
-17.413703,-66.124713
-17.436010,-66.123698
-17.424217,-66.129261
-17.414669,-66.123092
-17.424241,-66.129231
-17.416426,-66.121966
-17.417305,-66.116907
-17.415126,-66.124235
-17.409744,-66.120892
-17.424253,-66.128232
-17.430634,-66.126635
-17.437809,-66.124561
-17.419071,-66.123904
-17.425204,-66.122684
-17.428788,-66.121972
-17.419574,-66.128739
-17.427396,-66.126204
-17.427623,-66.125974
-17.423686,-66.128277
-17.423005,-66.122119
-17.427431,-66.127031
-17.427344,-66.123465
-17.419457,-66.114250
-17.432539,-66.122408
-17.434266,-66.120751
-17.427751,-66.126684
-17.418415,-66.126035
-17.412921,-66.118539
-17.425367,-66.131105
-17.431041,-66.120453
-17.415488,-66.117918
-17.431532,-66.126703
-17.418597,-66.124066
-17.418571,-66.122873
-17.434105,-66.119008
-17.420260,-66.118924
-17.433782,-66.121779
-17.416415,-66.119266
-17.420403,-66.120321
-17.426103,-66.123096
-17.418131,-66.111252
-17.420126,-66.119567
-17.423657,-66.126132
-17.424010,-66.124840
-17.419936,-66.114671
-17.439278,-66.122811
-17.416892,-66.115481
-17.426276,-66.127712
-17.409609,-66.124654
-17.428679,-66.128618
-17.435662,-66.123301
-17.437746,-66.122012
-17.419087,-66.125669
-17.412502,-66.123290
-17.434691,-66.121509
-17.428309,-66.125963
-17.416540,-66.115621
-17.431292,-66.124336
-17.427441,-66.126365
-17.415243,-66.117045
-17.418094,-66.125556
-17.413894,-66.117912
-17.423227,-66.121060
-17.408896,-66.122102
-17.430518,-66.126358
-17.408426,-66.121893
-17.418161,-66.116820
-17.411185,-66.123674
-17.426800,-66.127756
-17.415966,-66.122990
-17.425163,-66.132363
-17.425417,-66.122913
-17.422260,-66.126323
-17.423774,-66.117170
-17.437897,-66.120481
-17.433709,-66.125645
-17.420497,-66.126280
-17.430433,-66.124736
-17.422808,-66.122018
-17.426622,-66.125417
-17.421851,-66.126739
-17.412177,-66.120681
-17.423309,-66.116637
-17.427279,-66.128414
-17.410466,-66.122130
-17.416336,-66.123219
-17.419571,-66.125765
-17.429036,-66.124990
-17.414192,-66.122694
-17.424093,-66.116797
-17.420488,-66.121727
-17.422670,-66.123788
-17.430065,-66.127807
-17.423820,-66.130036
-17.419117,-66.115114
-17.421944,-66.113293
-17.427779,-66.127791
-17.431552,-66.122452
-17.423687,-66.128001
-17.421126,-66.115414
-17.435019,-66.123145
-17.426502,-66.123728
-17.423852,-66.123208
-17.426104,-66.126471
-17.417919,-66.126086
-17.435145,-66.123567
-17.422400,-66.129450
-17.416390,-66.121347
-17.410687,-66.122024
-17.422354,-66.119421
-17.408758,-66.122366
-17.415251,-66.117321
-17.417269,-66.117685
-17.428790,-66.125070
-17.418395,-66.125279
-17.422547,-66.121582
-17.430938,-66.120442
-17.429334,-66.120254
-17.431866,-66.126865
-17.426942,-66.129641
-17.408942,-66.122763
-17.431887,-66.122256
-17.425439,-66.121818
-17.419637,-66.125633
-17.424956,-66.130456
-17.427423,-66.124883
-17.421432,-66.123928
-17.421275,-66.121190
-17.427829,-66.120765
-17.431098,-66.120070
-17.418051,-66.119774
-17.420485,-66.127426
-17.419685,-66.123441
-17.431160,-66.119494
-17.415634,-66.117398
-17.426321,-66.123560
-17.432551,-66.119182
-17.422083,-66.116221
-17.423315,-66.124831
-17.415884,-66.121254
-17.424089,-66.127729
-17.417731,-66.120017
-17.430228,-66.123651
-17.434079,-66.123845
-17.411928,-66.123260
-17.436553,-66.120214
-17.421485,-66.121282
-17.430059,-66.125684
-17.432439,-66.122642
-17.430793,-66.122439
-17.416767,-66.124036
-17.420001,-66.118286
-17.436301,-66.120700
-17.414215,-66.120663
-17.410644,-66.121840
-17.419133,-66.118005
-17.414288,-66.121547
-17.437203,-66.122935
-17.429628,-66.125062
-17.430346,-66.120683
-17.426066,-66.129876
-17.416141,-66.117240
-17.424626,-66.130716
-17.420422,-66.117217
-17.430343,-66.125555
-17.423422,-66.120320
-17.425188,-66.126405
-17.421324,-66.114367
-17.413785,-66.122323
-17.424122,-66.117380
-17.419378,-66.121139
-17.421215,-66.115534
-17.416734,-66.113372
-17.420346,-66.122145
-17.414150,-66.123399
-17.423386,-66.115119
-17.431396,-66.119484
-17.414910,-66.124280
-17.409710,-66.122910
-17.421358,-66.123744
-17.429450,-66.119482
-17.422217,-66.121027
-17.419661,-66.128761
-17.415699,-66.118446
-17.423915,-66.121463
-17.433218,-66.118544
-17.416254,-66.114961
-17.426369,-66.122187
-17.433063,-66.120804
-17.428457,-66.126392
-17.423004,-66.127654
-17.431908,-66.118874
-17.426222,-66.129824
-17.419624,-66.124642
-17.420000,-66.122629
-17.424640,-66.132799
-17.427438,-66.122150
-17.428191,-66.122505
-17.421044,-66.127583
-17.427017,-66.130209
-17.417432,-66.125737
-17.423573,-66.125718
-17.417026,-66.116012
-17.416350,-66.119300
-17.430090,-66.123727
-17.428161,-66.121763
-17.414349,-66.122383
-17.432251,-66.118428
-17.437569,-66.122580
-17.421124,-66.116074
-17.421131,-66.113327
-17.412389,-66.121760
-17.416143,-66.113066
-17.412380,-66.118996
-17.428062,-66.121442
-17.428765,-66.120523
-17.430235,-66.123966
-17.419302,-66.111523
-17.427197,-66.129198
-17.419360,-66.126193
-17.425324,-66.131887
-17.414005,-66.118511
-17.417155,-66.119202
-17.417445,-66.114436
-17.425138,-66.130312
-17.423080,-66.125524
-17.414845,-66.120207
-17.426410,-66.124633
-17.423372,-66.120901
-17.420660,-66.122676
-17.432062,-66.123893
-17.438128,-66.121641
-17.417499,-66.119192
-17.421781,-66.120853
-17.437829,-66.120938
-17.415885,-66.122209
-17.432642,-66.123597
-17.437449,-66.123222
-17.432733,-66.117568
-17.423698,-66.127382
-17.417203,-66.116190
-17.421142,-66.118181
-17.411175,-66.124356
-17.425756,-66.127363
-17.417864,-66.119322
-17.410624,-66.120843
-17.437368,-66.121547
-17.425914,-66.128992
-17.435963,-66.122367
-17.415616,-66.120314
-17.426328,-66.122778
-17.411423,-66.123637
-17.421565,-66.128408
-17.415301,-66.120462
-17.425193,-66.125906
-17.437394,-66.120749
-17.417866,-66.120639
-17.429385,-66.124799
-17.431882,-66.119819
-17.428494,-66.123714
-17.432434,-66.124103
-17.412327,-66.123639
-17.432758,-66.119756
-17.433928,-66.120212
-17.407689,-66.122994
-17.417248,-66.115306
-17.412550,-66.123568
-17.413898,-66.117639
-17.413489,-66.118478
-17.420128,-66.128903
-17.422517,-66.119691
-17.427476,-66.129282
-17.438230,-66.122121
-17.413136,-66.120412
-17.426450,-66.123289
-17.409049,-66.122300
-17.420542,-66.121112
-17.425296,-66.118768
-17.430135,-66.121203
-17.411872,-66.122188
-17.416354,-66.112561
-17.433330,-66.122390
-17.421006,-66.118464
-17.415585,-66.118006
-17.409730,-66.124907
-17.417464,-66.117398
-17.416007,-66.114133
-17.410740,-66.123983
-17.413077,-66.121367
-17.433695,-66.123328
-17.421258,-66.128271
-17.416228,-66.115193
-17.422242,-66.125373
-17.416672,-66.120863
-17.429689,-66.125581
-17.426819,-66.126775
-17.424826,-66.118336
-17.413268,-66.117950
-17.414459,-66.122903
-17.427794,-66.123350
-17.428986,-66.127952
-17.423016,-66.119523
-17.417643,-66.115899
-17.416026,-66.122840
-17.416928,-66.117690
-17.423393,-66.123626
-17.412515,-66.120355
-17.423831,-66.127555
-17.419491,-66.127208
-17.430225,-66.118494
-17.423456,-66.122703
-17.420148,-66.116064
-17.437669,-66.120785
-17.427892,-66.124941
-17.424145,-66.127654
-17.413931,-66.117596
-17.420096,-66.116429
-17.415146,-66.121689
-17.423749,-66.123699
-17.420401,-66.126392
-17.423899,-66.126137
-17.433316,-66.125229
-17.418973,-66.120391
-17.422073,-66.116536
-17.426799,-66.128862
-17.412136,-66.122380
-17.437223,-66.120749
-17.439595,-66.122582
-17.417631,-66.114955
-17.425232,-66.126370
-17.422853,-66.128344
-17.422259,-66.122476
-17.427519,-66.129705
-17.427435,-66.120442
-17.428798,-66.119954
-17.421812,-66.121860
-17.431442,-66.118465
-17.425319,-66.127033
-17.432372,-66.120418
-17.420186,-66.115190
-17.418606,-66.124928
-17.427080,-66.126482
-17.417300,-66.112689
-17.422386,-66.127416
-17.418084,-66.119845
-17.421491,-66.115169
-17.425743,-66.127785
-17.423159,-66.126946
-17.415003,-66.116055
-17.411063,-66.121412
-17.410142,-66.124623
-17.427054,-66.126557
-17.417716,-66.121462
-17.433045,-66.118004
-17.422776,-66.114944
-17.420370,-66.113850
-17.410170,-66.124204
-17.429279,-66.128094
-17.413855,-66.125089
-17.425866,-66.124391
-17.423836,-66.116318
-17.418328,-66.114383
-17.412421,-66.119645
-17.412063,-66.122411
-17.419062,-66.117358
-17.416322,-66.122173
-17.427338,-66.123648
-17.422452,-66.127190
-17.429930,-66.125308
-17.408877,-66.124346
-17.411516,-66.122701
-17.435516,-66.121505
-17.421312,-66.119288
-17.436219,-66.124406
-17.410489,-66.121620
-17.418818,-66.121224
-17.421418,-66.117133
-17.419067,-66.118505
-17.437623,-66.121016
-17.429171,-66.122211
-17.410814,-66.123473
-17.420451,-66.113376
-17.426088,-66.119517
-17.420873,-66.120800
-17.434422,-66.123752
-17.419405,-66.120016
-17.422962,-66.118136
-17.422371,-66.116640
-17.427287,-66.125511
-17.422016,-66.116953
-17.430133,-66.125316
-17.413649,-66.125091
-17.414902,-66.117883
-17.417940,-66.115405
-17.413997,-66.122557
-17.415498,-66.116964
-17.427359,-66.120486
-17.417224,-66.123797
-17.426198,-66.126960
-17.418497,-66.113967
-17.432698,-66.124831
-17.421018,-66.112996
-17.416269,-66.123710
