-17.351814,-66.131131
-17.312469,-66.147539
-17.315176,-66.157729
-17.293581,-66.133498
-17.350558,-66.120526
-17.326330,-66.165571
-17.337311,-66.125347
-17.328507,-66.178957
-17.347433,-66.160263
-17.305610,-66.144630
-17.359073,-66.121747
-17.323513,-66.146219
-17.328872,-66.129840
-17.335208,-66.152130
-17.306197,-66.156177
-17.306976,-66.141855
-17.349763,-66.128996
-17.307919,-66.130720
-17.330491,-66.128603
-17.349346,-66.118547
-17.297954,-66.138431
-17.346586,-66.160889
-17.331673,-66.150540
-17.323315,-66.153996
-17.323445,-66.151928
-17.295447,-66.131568
-17.334138,-66.137486
-17.360643,-66.111180
-17.309529,-66.147644
-17.304197,-66.140723
-17.344739,-66.134134
-17.352303,-66.153791
-17.342660,-66.158959
-17.343245,-66.153745
-17.338313,-66.129222
-17.318366,-66.144568
-17.308506,-66.144771
-17.333896,-66.177073
-17.339568,-66.147956
-17.309278,-66.154925
-17.304026,-66.159395
-17.323655,-66.133733
-17.293156,-66.154432
-17.303790,-66.148441
-17.357728,-66.127595
-17.305764,-66.149544
-17.352087,-66.125683
-17.354485,-66.115808
-17.321222,-66.165486
-17.351218,-66.127178
-17.343383,-66.141292
-17.352806,-66.146617
-17.341404,-66.144265
-17.312156,-66.134475
-17.339065,-66.139958
-17.305102,-66.159478
-17.302227,-66.136398
-17.309057,-66.152792
-17.292526,-66.128544
-17.300655,-66.143987
-17.311351,-66.159271
-17.333904,-66.158986
-17.307429,-66.162599
-17.340227,-66.152181
-17.333580,-66.156133
-17.291143,-66.139612
-17.337439,-66.122582
-17.335907,-66.151130
-17.362115,-66.119842
-17.334377,-66.129789
-17.299297,-66.147668
-17.332878,-66.160018
-17.319685,-66.133775
-17.351345,-66.152735
-17.316829,-66.134643
-17.300712,-66.138172
-17.316281,-66.164392
-17.329563,-66.167888
-17.315931,-66.147683
-17.338756,-66.156078
-17.317174,-66.165204
-17.295758,-66.135711
-17.310602,-66.151892
-17.325760,-66.128145
-17.314128,-66.160298
-17.341772,-66.119689
-17.329349,-66.154460
-17.334480,-66.173763
-17.323006,-66.153366
-17.332876,-66.131135
-17.299336,-66.152509
-17.316994,-66.151263
-17.352989,-66.115597
-17.362001,-66.108199
-17.357581,-66.117724
-17.298443,-66.156960
-17.334406,-66.174791
-17.314121,-66.147915
-17.341825,-66.170722
-17.351889,-66.121893
-17.294176,-66.148890
-17.291256,-66.128837
-17.292281,-66.130100
-17.314308,-66.157291
-17.319840,-66.162740
-17.292041,-66.131891
-17.291982,-66.153923
-17.344563,-66.134845
-17.295889,-66.138785
-17.354943,-66.117122
-17.315951,-66.163499
-17.307782,-66.129144
-17.301760,-66.129545
-17.347667,-66.141390
-17.299913,-66.156432
-17.288161,-66.148265
-17.316304,-66.162901
-17.328541,-66.154228
-17.312527,-66.152253
-17.352883,-66.137837
-17.321181,-66.145814
-17.322086,-66.164227
-17.326646,-66.149845
-17.344567,-66.147686
-17.327330,-66.151879
-17.323409,-66.137691
-17.313494,-66.142433
-17.309169,-66.134492
-17.327535,-66.120515
-17.315196,-66.157048
-17.323856,-66.155442
-17.325905,-66.166844
-17.354972,-66.110682
-17.333492,-66.182647
-17.340749,-66.145813
-17.360859,-66.123598
-17.301051,-66.130953
-17.303477,-66.158871
-17.354065,-66.136206
-17.362156,-66.108738
-17.323116,-66.133029
-17.298826,-66.159392
-17.339461,-66.137976
-17.330550,-66.169317
-17.331276,-66.183436
-17.291469,-66.139899
-17.288928,-66.143916
-17.303887,-66.129380
-17.300237,-66.140754
-17.327769,-66.158761
-17.323594,-66.129571
-17.288427,-66.136591
-17.323979,-66.141036
-17.324503,-66.145358
-17.299446,-66.139792
-17.316943,-66.156220
-17.350149,-66.117261
-17.335353,-66.175013
-17.314679,-66.156307
-17.302391,-66.132696
-17.363518,-66.112082
-17.338000,-66.157055
-17.318281,-66.164842
-17.335913,-66.176413
-17.335951,-66.130690
-17.305646,-66.154123
-17.357396,-66.119508
-17.333067,-66.141058
-17.303004,-66.161625
-17.315774,-66.139732
-17.321970,-66.158325
-17.339171,-66.147354
-17.317896,-66.128936
-17.320331,-66.134191
-17.298942,-66.132521
-17.328230,-66.169798
-17.288980,-66.147630
-17.310055,-66.140579
-17.309307,-66.162461
-17.301262,-66.152740
-17.297083,-66.141490
-17.308673,-66.156209
-17.315991,-66.133418
-17.352729,-66.114632
-17.356663,-66.123991
-17.305520,-66.147196
-17.311987,-66.164060
-17.354681,-66.144511
-17.354200,-66.138369
-17.343975,-66.138105
-17.300060,-66.160057
-17.309328,-66.127653
-17.335979,-66.178634
-17.335035,-66.154655
-17.359023,-66.120791
-17.350184,-66.147003
-17.346610,-66.122504
-17.335837,-66.182478
-17.308512,-66.151881
-17.338745,-66.121694
-17.341461,-66.137871
-17.357350,-66.113330
-17.302188,-66.150634
-17.294496,-66.142440
-17.326594,-66.144698
-17.317420,-66.149161
-17.337837,-66.128800
-17.298864,-66.143171
-17.343267,-66.156867
-17.335796,-66.184865
-17.334327,-66.132795
-17.293143,-66.151863
-17.354712,-66.117155
-17.314855,-66.124517
-17.295858,-66.142179
-17.334622,-66.133673
-17.332904,-66.147656
-17.315326,-66.129130
-17.347674,-66.144405
-17.295193,-66.140714
-17.333057,-66.176527
-17.302196,-66.139500
-17.324184,-66.159500
-17.330929,-66.167094
-17.305958,-66.147892
-17.356640,-66.136252
-17.346869,-66.132414
-17.293283,-66.148227
-17.326606,-66.125035
-17.323312,-66.127710
-17.359920,-66.127502
-17.345163,-66.143638
-17.339151,-66.126631
-17.338717,-66.129348
-17.311202,-66.143008
-17.321725,-66.141865
-17.321592,-66.128116
-17.344684,-66.125151
-17.315612,-66.137005
-17.288517,-66.146176
-17.306616,-66.141450
-17.292080,-66.146415
-17.338544,-66.138128
-17.337111,-66.133121
-17.336690,-66.142022
-17.327092,-66.119811
-17.355684,-66.143382
-17.339003,-66.144712
-17.323734,-66.165107
-17.301298,-66.148016
-17.334132,-66.121116
-17.344218,-66.157493
-17.350269,-66.138352
-17.331875,-66.125632
-17.328890,-66.127160
-17.304827,-66.153096
-17.326419,-66.160867
-17.329302,-66.168966
-17.330211,-66.178899
-17.294428,-66.151831
-17.292017,-66.146587
-17.320707,-66.121578
-17.303440,-66.130694
-17.347408,-66.137363
-17.321206,-66.154774
-17.340116,-66.164814
-17.331171,-66.123931
-17.329185,-66.181346
-17.329099,-66.130310
-17.311652,-66.147020
-17.360030,-66.116811
-17.327045,-66.144348
-17.332010,-66.157635
-17.330700,-66.155920
-17.293714,-66.138222
-17.296618,-66.136749
-17.329375,-66.129006
-17.338107,-66.157071
-17.297002,-66.134413
-17.356397,-66.122067
-17.328619,-66.168129
-17.295779,-66.132650
-17.301325,-66.161254
-17.325442,-66.122692
-17.298036,-66.135801
-17.301451,-66.154473
-17.323310,-66.163130
-17.330260,-66.162180
-17.337996,-66.136118
-17.338690,-66.149543
-17.339110,-66.170002
-17.303632,-66.142715
-17.299327,-66.145177
-17.337809,-66.128536
-17.337405,-66.176383
-17.298388,-66.147826
-17.354277,-66.147630
-17.343939,-66.164143
-17.341205,-66.137468
-17.324318,-66.119494
-17.296705,-66.129526
-17.323038,-66.121993
-17.352859,-66.149395
-17.317358,-66.159484
-17.292027,-66.142047
-17.337946,-66.122606
-17.313496,-66.149493
-17.330461,-66.127197
-17.325820,-66.119710
-17.301251,-66.154818
-17.334088,-66.173489
-17.356258,-66.135523
-17.345837,-66.153921
-17.318976,-66.131750
-17.334033,-66.158130
-17.347862,-66.162026
-17.313152,-66.137464
-17.327584,-66.129773
-17.357141,-66.116919
-17.353346,-66.125312
-17.310488,-66.153190
-17.356385,-66.114646
-17.298357,-66.151866
-17.334714,-66.170474
-17.296517,-66.135049
-17.292574,-66.147683
-17.324283,-66.122218
-17.315540,-66.137740
-17.345606,-66.139190
-17.314127,-66.164691
-17.333943,-66.126285
-17.339430,-66.171390
-17.329516,-66.173689
-17.300822,-66.160096
-17.306802,-66.133650
-17.297826,-66.129290
-17.320210,-66.137619
-17.321538,-66.152863
-17.331075,-66.120686
-17.289577,-66.133696
-17.327142,-66.145881
-17.356030,-66.123710
-17.351647,-66.130607
-17.326802,-66.160452
-17.346190,-66.120835
-17.343625,-66.164788
-17.355144,-66.129592
-17.316373,-66.159928
-17.356751,-66.121472
-17.326892,-66.130862
-17.329531,-66.173386
-17.314194,-66.162904
-17.344299,-66.167161
-17.320764,-66.139668
-17.322208,-66.122729
-17.336009,-66.179694
-17.332560,-66.136848
-17.354089,-66.137378
-17.311600,-66.125840
-17.332612,-66.127650
-17.310850,-66.154563
-17.330237,-66.172635
-17.352843,-66.148790
-17.352727,-66.122353
-17.297386,-66.156423
-17.335728,-66.185547
-17.328820,-66.132738
-17.327220,-66.130999
-17.336399,-66.120716
-17.324746,-66.138763
-17.324587,-66.132978
-17.295723,-66.153496
-17.315371,-66.166476
-17.360612,-66.122245
-17.357302,-66.124615
-17.341090,-66.171832
-17.288904,-66.136906
-17.347065,-66.150755
-17.341712,-66.136887
-17.314130,-66.154761
-17.350706,-66.121830
-17.336623,-66.159714
-17.328557,-66.166389
-17.299653,-66.139749
-17.299300,-66.146981
-17.362343,-66.117567
-17.312990,-66.160546
-17.343946,-66.164034
-17.311018,-66.141100
-17.303891,-66.127598
-17.339953,-66.169740
-17.316063,-66.150069
-17.341120,-66.129167
-17.332044,-66.149708
-17.319608,-66.122153
-17.296309,-66.140603
-17.331216,-66.165954
-17.344026,-66.144391
-17.289990,-66.143346
-17.295632,-66.128333
-17.313760,-66.124141
-17.337413,-66.164256
-17.346185,-66.138009
-17.339900,-66.156922
-17.338103,-66.134054
-17.304675,-66.132474
-17.320085,-66.124463
-17.330294,-66.164320
-17.328617,-66.129510
-17.325330,-66.170777
-17.332580,-66.148746
-17.336345,-66.140933
-17.321324,-66.140986
-17.316286,-66.137298
-17.333612,-66.135398
-17.314922,-66.129745
-17.308898,-66.157303
-17.335996,-66.178455
-17.309820,-66.128532
-17.295752,-66.143814
-17.336496,-66.176073
-17.352031,-66.133178
-17.294701,-66.135154
-17.317793,-66.156129
-17.349625,-66.158715
-17.297792,-66.132844
-17.322670,-66.122267
-17.352438,-66.139608
-17.293335,-66.129972
-17.319612,-66.124668
-17.350206,-66.121857
-17.316078,-66.159732
-17.346498,-66.145021
-17.334314,-66.149256
-17.353781,-66.139039
-17.333431,-66.133018
-17.357405,-66.113218
-17.294258,-66.155141
-17.360771,-66.115865
-17.339507,-66.152343
-17.342289,-66.156853
-17.338872,-66.134794
-17.299339,-66.153515
-17.316508,-66.143791
-17.317478,-66.148870
-17.298998,-66.138936
-17.361105,-66.115914
-17.307936,-66.147587
-17.352843,-66.120853
-17.360196,-66.127636
-17.308259,-66.135041
-17.337389,-66.149341
-17.324550,-66.158753
-17.332858,-66.144228
-17.338391,-66.134296
-17.355665,-66.142215
-17.351783,-66.125005
-17.338361,-66.145275
-17.338218,-66.170734
-17.306973,-66.151319
-17.340056,-66.143603
-17.361363,-66.115621
-17.344188,-66.143210
-17.344363,-66.150666
-17.336589,-66.120235
-17.347964,-66.119981
-17.310456,-66.144664
-17.333809,-66.131883
-17.360364,-66.112363
-17.307973,-66.152659
-17.307972,-66.157489
-17.304040,-66.147467
-17.328711,-66.122184
-17.328259,-66.152011
-17.325108,-66.134634
-17.304916,-66.141846
-17.306258,-66.147912
-17.317140,-66.137696
-17.335770,-66.175639
-17.340934,-66.121656
-17.330068,-66.145238
-17.348589,-66.157354
-17.323428,-66.173389
-17.324167,-66.138211
-17.333801,-66.165514
-17.329610,-66.138977
-17.314396,-66.133243
-17.321433,-66.155039
-17.324066,-66.125572
-17.322504,-66.147798
-17.359419,-66.107508
-17.354767,-66.141863
-17.331589,-66.122050
-17.363564,-66.107695
-17.323308,-66.167117
-17.320512,-66.121424
-17.348040,-66.148281
-17.333226,-66.164661
-17.298304,-66.139846
-17.340214,-66.127869
-17.309978,-66.141786
-17.329972,-66.155095
-17.351996,-66.132613
-17.322146,-66.155736
-17.300426,-66.143507
-17.353691,-66.133123
-17.316965,-66.164770
-17.340128,-66.132224
-17.342496,-66.130270
-17.349283,-66.146036
-17.306401,-66.141437
-17.313865,-66.139999
-17.343846,-66.150310
-17.333864,-66.182438
-17.320424,-66.158599
-17.339504,-66.134421
-17.359900,-66.127008
-17.294834,-66.149006
-17.326958,-66.120802
-17.325473,-66.141362
-17.345233,-66.148688
-17.311044,-66.138513
-17.354417,-66.135939
-17.309455,-66.126806
-17.354160,-66.150257
-17.340660,-66.159106
-17.339317,-66.155127
-17.294512,-66.137055
-17.322695,-66.126928
-17.342556,-66.155345
-17.352387,-66.128298
-17.310519,-66.146043
-17.300868,-66.156506
-17.310898,-66.135425
-17.304934,-66.149290
-17.349516,-66.121458
-17.345189,-66.132660
-17.334966,-66.168108
-17.300196,-66.154605
-17.340792,-66.129445
-17.355036,-66.129871
-17.326361,-66.129759
-17.326350,-66.121936
-17.362003,-66.108663
-17.332288,-66.129198
-17.326102,-66.141439
-17.354047,-66.147621
-17.321134,-66.140659
-17.308598,-66.153515
-17.309069,-66.145882
-17.299677,-66.138027
-17.329216,-66.125570
-17.302033,-66.153295
-17.298960,-66.140392
-17.315000,-66.124916
-17.336970,-66.142660
-17.340326,-66.159938
-17.358689,-66.116593
-17.342518,-66.119785
-17.324099,-66.161272
-17.311087,-66.125610
-17.332275,-66.173842
-17.342491,-66.160658
-17.337075,-66.146571
-17.337493,-66.153409
-17.316945,-66.150896
-17.331216,-66.178685
-17.300227,-66.154300
-17.321768,-66.165445
-17.346370,-66.128153
-17.342333,-66.143891
-17.328299,-66.171188
-17.359290,-66.114390
-17.352124,-66.123202
-17.315433,-66.149218
-17.324037,-66.156092
-17.313098,-66.128968
-17.355459,-66.138396
-17.350749,-66.136640
-17.334124,-66.136038
-17.321540,-66.119885
-17.331157,-66.129946
-17.304745,-66.140481
-17.304717,-66.158734
-17.334201,-66.136400
-17.325151,-66.144702
-17.346112,-66.152465
-17.333431,-66.132015
-17.316636,-66.132371
-17.349331,-66.139726
-17.353761,-66.127974
-17.329990,-66.150300
-17.361797,-66.120922
-17.324008,-66.143891
-17.346483,-66.138106
-17.334991,-66.127320
-17.346080,-66.121842
-17.312932,-66.133770
-17.344825,-66.140086
-17.359043,-66.118719
-17.329119,-66.159762
-17.360909,-66.125217
-17.308770,-66.151842
-17.328545,-66.119179
-17.318147,-66.129628
-17.344116,-66.150967
-17.333075,-66.173593
-17.328403,-66.164381
-17.305211,-66.155335
-17.322441,-66.149871
-17.356442,-66.119199
-17.303760,-66.158972
-17.349923,-66.144230
-17.336435,-66.130700
-17.324303,-66.127390
-17.336683,-66.152249
-17.329382,-66.167839
-17.341681,-66.153096
-17.330495,-66.124427
-17.306807,-66.152268
-17.340871,-66.164153
-17.322694,-66.148304
-17.305503,-66.132138
-17.330757,-66.149750
-17.330360,-66.125041
-17.335003,-66.184471
-17.322813,-66.169135
-17.344738,-66.127174
-17.346127,-66.143856
-17.310355,-66.126706
-17.314897,-66.144888
-17.313959,-66.131560
-17.290665,-66.131813
-17.336190,-66.160096
-17.293810,-66.145460
-17.339666,-66.152816
-17.330179,-66.169119
-17.299739,-66.136298
-17.333347,-66.129231
-17.343313,-66.146025
-17.299269,-66.130026
-17.295379,-66.153533
-17.328640,-66.138583
-17.334382,-66.185154
-17.293542,-66.152746
-17.327369,-66.130166
-17.310970,-66.140006
-17.314140,-66.163099
-17.355075,-66.131949
-17.347847,-66.160023
-17.332053,-66.159191
-17.329656,-66.145498
-17.328815,-66.143321
-17.331133,-66.139778
-17.339289,-66.155919
-17.310307,-66.157258
-17.343860,-66.165637
-17.315726,-66.133525
-17.314190,-66.161932
-17.343528,-66.120076
-17.307355,-66.149763
-17.316921,-66.132782
-17.354890,-66.115809
-17.293957,-66.147987
-17.345146,-66.134189
-17.324020,-66.174647
-17.351180,-66.117732
-17.326702,-66.166018
-17.344895,-66.145584
-17.323514,-66.145393
-17.296051,-66.152054
-17.333923,-66.186113
-17.351419,-66.133763
-17.328839,-66.123686
-17.342413,-66.137107
-17.327398,-66.161198
-17.303166,-66.148610
-17.321846,-66.165591
-17.338320,-66.176787
-17.320839,-66.134685
-17.306033,-66.137563
-17.302118,-66.146532
-17.301676,-66.140984
-17.337997,-66.135602
-17.353487,-66.135525
-17.326224,-66.127019
-17.303123,-66.155672
-17.334371,-66.184768
-17.299032,-66.143820
-17.318866,-66.167252
-17.354440,-66.122274
-17.344696,-66.141553
-17.328673,-66.147041
-17.300879,-66.137039
-17.339333,-66.150461
-17.323620,-66.157884
-17.334670,-66.144794
-17.328181,-66.122102
-17.340914,-66.129269
-17.341435,-66.164289
-17.356805,-66.118267
-17.318647,-66.166573
-17.357251,-66.129279
-17.297296,-66.153730
-17.337346,-66.155346
-17.337361,-66.124331
-17.297166,-66.149523
-17.342164,-66.166866
-17.328301,-66.152085
-17.323150,-66.158917
-17.312419,-66.147157
-17.296448,-66.133479
-17.347064,-66.131312
-17.346902,-66.152336
-17.338121,-66.165144
-17.310139,-66.147491
-17.359257,-66.122940
-17.344827,-66.135560
-17.291591,-66.135006
-17.321366,-66.154661
-17.340615,-66.121342
-17.347185,-66.163217
-17.335304,-66.142336
-17.356429,-66.130428
-17.355995,-66.134735
-17.325606,-66.162589
-17.314046,-66.135197
-17.328417,-66.172857
-17.307013,-66.155334
-17.311458,-66.162304
-17.334316,-66.168803
-17.359834,-66.115451
-17.352792,-66.150845
-17.350944,-66.147852
-17.344408,-66.139781
-17.333713,-66.139810
-17.316541,-66.163989
-17.350158,-66.132143
-17.334805,-66.124260
-17.362937,-66.113261
-17.350332,-66.133881
-17.350555,-66.137373
-17.344991,-66.135693
-17.356530,-66.136994
-17.295686,-66.141195
-17.331407,-66.151727
-17.306021,-66.141290
-17.320528,-66.129849
-17.328208,-66.177730
-17.338038,-66.144824
-17.315854,-66.134652
-17.319416,-66.131999
-17.308656,-66.137539
-17.346685,-66.137542
-17.317706,-66.162315
-17.319460,-66.119805
-17.290096,-66.136296
-17.301387,-66.137046
-17.340160,-66.166434
-17.332577,-66.170941
-17.332090,-66.147568
-17.340557,-66.136305
-17.293586,-66.142064
-17.340130,-66.152278
-17.341854,-66.140477
-17.362947,-66.112538
-17.336270,-66.121873
-17.308234,-66.149903
-17.354578,-66.130658
-17.315179,-66.164868
-17.300540,-66.143167
-17.311966,-66.156783
-17.360133,-66.129895
-17.322828,-66.154875
-17.346319,-66.155761
-17.314707,-66.140331
-17.319240,-66.166352
-17.298096,-66.138800
-17.332376,-66.161799
-17.300283,-66.135758
-17.330643,-66.128258
-17.308307,-66.128192
-17.308873,-66.156032
-17.336533,-66.142358
-17.296727,-66.140836
-17.325349,-66.135357
-17.309050,-66.152337
-17.327036,-66.170639
-17.353924,-66.126110
-17.357281,-66.140045
-17.329006,-66.119191
-17.293051,-66.139280
-17.307999,-66.162395
-17.344938,-66.157275
-17.354207,-66.141396
-17.329552,-66.138820
-17.331282,-66.167436
-17.337634,-66.160580
-17.311265,-66.152855
-17.354657,-66.120076
-17.333192,-66.134249
-17.321472,-66.161561
-17.310549,-66.155488
-17.336609,-66.139354
-17.295097,-66.144663
-17.350296,-66.146801
-17.293530,-66.141636
-17.332104,-66.135076
-17.305927,-66.149569
-17.337127,-66.137304
-17.297508,-66.129823
-17.320612,-66.159407
-17.327573,-66.161355
-17.313909,-66.137310
-17.314143,-66.147225
-17.327892,-66.178841
-17.291095,-66.129014
-17.322227,-66.133647
-17.336597,-66.170143
-17.341246,-66.130178
-17.324513,-66.150632
-17.330167,-66.148754
-17.342751,-66.132978
-17.337588,-66.141622
-17.351023,-66.151490
-17.327792,-66.145966
-17.292974,-66.133018
-17.293715,-66.135625
-17.302818,-66.160130
-17.327490,-66.155632
-17.346625,-66.120437
-17.361536,-66.112702
-17.351043,-66.137809
-17.299842,-66.150263
-17.326539,-66.174099
-17.318884,-66.122472
-17.329334,-66.132671
-17.307872,-66.131335
-17.306307,-66.139424
-17.302696,-66.138884
-17.348616,-66.160831
-17.318315,-66.131795
-17.354688,-66.121735
-17.306656,-66.154962
-17.346721,-66.139785
-17.311374,-66.157254
-17.344026,-66.145385
-17.345657,-66.164448
-17.306643,-66.155368
-17.331055,-66.148020
-17.293456,-66.149124
-17.318632,-66.140764
-17.324582,-66.142547
-17.301035,-66.151765
-17.324383,-66.133835
-17.320426,-66.161726
-17.337345,-66.143749
-17.347576,-66.125578
-17.334060,-66.181041
-17.289261,-66.147214
-17.312028,-66.141357
-17.326248,-66.135406
-17.331798,-66.145626
-17.342246,-66.170021
-17.331315,-66.126413
-17.325284,-66.133227
-17.319197,-66.130387
-17.306904,-66.159827
-17.326819,-66.163861
-17.324776,-66.166877
-17.326169,-66.165797
-17.335977,-66.152157
-17.322203,-66.128480
-17.345446,-66.165855
-17.342284,-66.165959
-17.336516,-66.172191
-17.340536,-66.124892
-17.348889,-66.119712
-17.309733,-66.153193
-17.331103,-66.171394
-17.356244,-66.145560
-17.298715,-66.126811
-17.300389,-66.143609
-17.351810,-66.139059
-17.322190,-66.148250
-17.298530,-66.155820
-17.319542,-66.135243
-17.351499,-66.149518
-17.297734,-66.129584
-17.316977,-66.147953
-17.308710,-66.146104
-17.337763,-66.132581
-17.333228,-66.179368
-17.339290,-66.170769
-17.288277,-66.137597
-17.354863,-66.126117
-17.321823,-66.161701
-17.327710,-66.159869
-17.348731,-66.136231
-17.304580,-66.159979
-17.341876,-66.137861
-17.294273,-66.136966
-17.339151,-66.126271
-17.311172,-66.135364
-17.347653,-66.117887
-17.321483,-66.157937
-17.292839,-66.154331
-17.319399,-66.143768
-17.339016,-66.155235
-17.322889,-66.124885
-17.351335,-66.142018
-17.303876,-66.146767
-17.339843,-66.138949
-17.331575,-66.177662
-17.299645,-66.132827
-17.334387,-66.127102
-17.315371,-66.134934
-17.342062,-66.143100
-17.310845,-66.158554
-17.340732,-66.154234
-17.306575,-66.146312
-17.305489,-66.152302
-17.338185,-66.170058
-17.291242,-66.138382
-17.337508,-66.133179
-17.328766,-66.123702
-17.306367,-66.151885
-17.338325,-66.133603
-17.293912,-66.133837
-17.362359,-66.114203
-17.337296,-66.143320
-17.288047,-66.145595
-17.342553,-66.169552
-17.322239,-66.154781
-17.331408,-66.156658
-17.327471,-66.170969
-17.340323,-66.159786
-17.347909,-66.121825
-17.318091,-66.163998
-17.327450,-66.143859
-17.341888,-66.132946
-17.324839,-66.122080
-17.326399,-66.168572
-17.301110,-66.138823
-17.308708,-66.143907
-17.303398,-66.155716
-17.341320,-66.169219
-17.356695,-66.132644
-17.343267,-66.136489
-17.345544,-66.122580
-17.305701,-66.147240
-17.355794,-66.142563
-17.341745,-66.149585
-17.308247,-66.146549
-17.299609,-66.139890
-17.326561,-66.161253
-17.347392,-66.149164
-17.337489,-66.142123
-17.351209,-66.145964
-17.321407,-66.163994
-17.341342,-66.135578
-17.339607,-66.169945
-17.343035,-66.146376
-17.333044,-66.153470
-17.352150,-66.155075
-17.314577,-66.164147
-17.339729,-66.137255
-17.299462,-66.143601
-17.353439,-66.145397
-17.314167,-66.136286
-17.351536,-66.147002
-17.289259,-66.135895
-17.336165,-66.180960
-17.325099,-66.124844
-17.352892,-66.133346
-17.356671,-66.122483
-17.349083,-66.159166
-17.351245,-66.152378
-17.355374,-66.114599
-17.322385,-66.122257
-17.360335,-66.116926
-17.336945,-66.160776
-17.301886,-66.135486
-17.344132,-66.123193
-17.291540,-66.152047
-17.338228,-66.173202
-17.306246,-66.128714
-17.326779,-66.120736
-17.307539,-66.134262
-17.334516,-66.155174
-17.340732,-66.174017
-17.321478,-66.172057
-17.293600,-66.155084
-17.339467,-66.160918
-17.332306,-66.172462
-17.338059,-66.164488
-17.318767,-66.156844
-17.350496,-66.138838
-17.296646,-66.134984
-17.326405,-66.124220
-17.294945,-66.129341
-17.301826,-66.138299
-17.341470,-66.170109
-17.316934,-66.163070
-17.324598,-66.148003
-17.330826,-66.133155
-17.336953,-66.146405
-17.311280,-66.137292
-17.339760,-66.165727
-17.322854,-66.135906
-17.327120,-66.130526
-17.338650,-66.127646
-17.325908,-66.131933
-17.333527,-66.154545
-17.340215,-66.168245
-17.309609,-66.150719
-17.359943,-66.131386
-17.357608,-66.139660
-17.333824,-66.164997
-17.292428,-66.139690
-17.339746,-66.160945
-17.334310,-66.133011
-17.354084,-66.149976
-17.322344,-66.156785
-17.295311,-66.135093
-17.312755,-66.156133
-17.317741,-66.166545
-17.349251,-66.118164
-17.314468,-66.154070
-17.347174,-66.145366
-17.304237,-66.131213
-17.303222,-66.154685
-17.343247,-66.160364
-17.313618,-66.154702
-17.339385,-66.173398
-17.324588,-66.118904
-17.361100,-66.110587
-17.314374,-66.130569
-17.345931,-66.153664
-17.303445,-66.159178
-17.342655,-66.157206
-17.321151,-66.137414
-17.360347,-66.112871
-17.361208,-66.121350
-17.342830,-66.161131
-17.295013,-66.132598
-17.361335,-66.124022
-17.327572,-66.173955
-17.327273,-66.141416
-17.320292,-66.144273
-17.297794,-66.153183
-17.297311,-66.141266
-17.319192,-66.140277
-17.335003,-66.171274
-17.346582,-66.151916
-17.341410,-66.167074
-17.350656,-66.152909
-17.312763,-66.154064
-17.337368,-66.131300
-17.310857,-66.139147
-17.323274,-66.148531
-17.329678,-66.181290
-17.340632,-66.127663
-17.360692,-66.110362
-17.351956,-66.131049
-17.340266,-66.149547
-17.358387,-66.125330
-17.309404,-66.158995
-17.355579,-66.141716
-17.330549,-66.164296
-17.339045,-66.173075
-17.323709,-66.167156
-17.289042,-66.138592
-17.321153,-66.155844
-17.322439,-66.143001
-17.347026,-66.145831
-17.302151,-66.152781
-17.331599,-66.171946
-17.332230,-66.153584
-17.324736,-66.122677
-17.313984,-66.151577
-17.329297,-66.174818
-17.344392,-66.129859
-17.335826,-66.178648
-17.327172,-66.145359
-17.355477,-66.117645
-17.298387,-66.157176
-17.355328,-66.112072
-17.352865,-66.142976
-17.329013,-66.162247
-17.319568,-66.150229
-17.328338,-66.172152
-17.293627,-66.132261
-17.324871,-66.172313
-17.359991,-66.113295
-17.309636,-66.124261
-17.343489,-66.147384
-17.316496,-66.135628
-17.300816,-66.141412
-17.323899,-66.159663
-17.338713,-66.131551
-17.302443,-66.127508
-17.348705,-66.148852
-17.313409,-66.156830
-17.324300,-66.169153
-17.332175,-66.181385
-17.350391,-66.151071
-17.351020,-66.126971
-17.337217,-66.157652
-17.356671,-66.132136
-17.346307,-66.122173
-17.351637,-66.141625
-17.343064,-66.157852
-17.301912,-66.136313
-17.354004,-66.116650
-17.363259,-66.107013
-17.306136,-66.162224
-17.351160,-66.152450
-17.318113,-66.163307
-17.347856,-66.154412
-17.329634,-66.154202
-17.309209,-66.159246
-17.334725,-66.158292
-17.335769,-66.150793
-17.302489,-66.132632
-17.299495,-66.129414
-17.358093,-66.111219
-17.342731,-66.123214
-17.351714,-66.126929
-17.331791,-66.180341
-17.324337,-66.140269
-17.347036,-66.152458
-17.349507,-66.143058
-17.302772,-66.141366
-17.318866,-66.120104
-17.339938,-66.175867
-17.357170,-66.130380
-17.332791,-66.122927
-17.313084,-66.150996
-17.332066,-66.181526
-17.348948,-66.129915
-17.329990,-66.140299
-17.308468,-66.162432
-17.335563,-66.135807
-17.313955,-66.161402
-17.334570,-66.181495
-17.316738,-66.150471
-17.346468,-66.163746
-17.331731,-66.157485
-17.294915,-66.145933
-17.338377,-66.173477
-17.326080,-66.155927
-17.300340,-66.157489
-17.326666,-66.156234
-17.319627,-66.167324
-17.341378,-66.168198
-17.313246,-66.135038
-17.319266,-66.122899
-17.344854,-66.120768
-17.314278,-66.157266
-17.336091,-66.121219
-17.332175,-66.146501
-17.320824,-66.119158
-17.347930,-66.138264
-17.313259,-66.165137
-17.317581,-66.148448
-17.320287,-66.120890
-17.295632,-66.130028
-17.309245,-66.152376
-17.289371,-66.142936
-17.357605,-66.134726
-17.314829,-66.155723
-17.315608,-66.159199
-17.335320,-66.128393
-17.355241,-66.120031
-17.343442,-66.147594
-17.349689,-66.136825
-17.352429,-66.138847
-17.344900,-66.157849
-17.335866,-66.134713
-17.289741,-66.131632
-17.323793,-66.133840
-17.334563,-66.122567
-17.336985,-66.134351
-17.335016,-66.180482
-17.354322,-66.113018
-17.360559,-66.124158
-17.312799,-66.145831
-17.338014,-66.162427
-17.338859,-66.172213
-17.304324,-66.132066
-17.339272,-66.172729
-17.327961,-66.141618
-17.294556,-66.137763
-17.359612,-66.123911
-17.357936,-66.123502
-17.309475,-66.145093
-17.329489,-66.175250
-17.328886,-66.150715
-17.360524,-66.127642
-17.352121,-66.147453
-17.320515,-66.144468
-17.345545,-66.131711
-17.318037,-66.133636
-17.342291,-66.139501
-17.328381,-66.137929
-17.345394,-66.138632
-17.345845,-66.124086
-17.347143,-66.119737
-17.358422,-66.120618
-17.321395,-66.160142
-17.311384,-66.123406
-17.356902,-66.139337
-17.298664,-66.136730
-17.323845,-66.167448
-17.342247,-66.131388
-17.315726,-66.146540
-17.352099,-66.147052
-17.289998,-66.146674
-17.343495,-66.152541
-17.324514,-66.129758
-17.343593,-66.141301
-17.359734,-66.111374
-17.331265,-66.172133
-17.361516,-66.113103
-17.307913,-66.155515
-17.323899,-66.139694
-17.305681,-66.137895
-17.331108,-66.151576
-17.338627,-66.176574
-17.343211,-66.159450
-17.320673,-66.141464
-17.357831,-66.109646
-17.342595,-66.136406
-17.324201,-66.121522
-17.336894,-66.160369
-17.340873,-66.142064
-17.330915,-66.123525
-17.320620,-66.132145
-17.330339,-66.160937
-17.354467,-66.150522
-17.316495,-66.158320
-17.293973,-66.136694
-17.336539,-66.143500
-17.336195,-66.127004
-17.354118,-66.129593
-17.355506,-66.142324
-17.341457,-66.153401
-17.307849,-66.134514
-17.337642,-66.144231
-17.305540,-66.129962
-17.343009,-66.170618
-17.337943,-66.127996
-17.325790,-66.157559
-17.354008,-66.138334
-17.299360,-66.147867
-17.316021,-66.159082
-17.292398,-66.141829
-17.350382,-66.118670
-17.297750,-66.156787
-17.326291,-66.135903
-17.320797,-66.130681
-17.328988,-66.155514
-17.293903,-66.148999
-17.305470,-66.133018
-17.320232,-66.169851
-17.361064,-66.115718
-17.329402,-66.163799
-17.334524,-66.180907
-17.299130,-66.139954
-17.314773,-66.155363
-17.338781,-66.123193
-17.315175,-66.153469
-17.321464,-66.147171
-17.342477,-66.168041
-17.330282,-66.119954
-17.346103,-66.155845
-17.347694,-66.121818
-17.324415,-66.171819
-17.289802,-66.146415
-17.344116,-66.157211
-17.324213,-66.130766
-17.340031,-66.165865
-17.357653,-66.116272
-17.302055,-66.158762
-17.337191,-66.130676
-17.315973,-66.163086
-17.320747,-66.133419
-17.326696,-66.153210
-17.319602,-66.121767
-17.326120,-66.145303
-17.353495,-66.128670
-17.294069,-66.129658
-17.321891,-66.143500
-17.332059,-66.175644
-17.308439,-66.141184
-17.326387,-66.142076
-17.298565,-66.154143
-17.331241,-66.140580
-17.293552,-66.127830
-17.318163,-66.126133
-17.352422,-66.136707
-17.348753,-66.120632
-17.292073,-66.149279
-17.293038,-66.140606
-17.349791,-66.129136
-17.329634,-66.122576
-17.317279,-66.144327
-17.359792,-66.130983
-17.343484,-66.147291
-17.315405,-66.145993
-17.291724,-66.153652
-17.305902,-66.144904
-17.336239,-66.143149
-17.325021,-66.151730
-17.340459,-66.168085
-17.358736,-66.120908
-17.354339,-66.143249
-17.362705,-66.115326
-17.330754,-66.155686
-17.357150,-66.114756
-17.319625,-66.158170
-17.312771,-66.124966
-17.320409,-66.148766
-17.334362,-66.160386
-17.299285,-66.138223
-17.328542,-66.143045
-17.324984,-66.151680
-17.337006,-66.151698
-17.318624,-66.142818
-17.345536,-66.148054
-17.351700,-66.132257
-17.308626,-66.133427
-17.293754,-66.144805
-17.301176,-66.159103
-17.349856,-66.133237
-17.297408,-66.156988
-17.352362,-66.145580
-17.312630,-66.144063
-17.297321,-66.133496
-17.321051,-66.143670
-17.313660,-66.130583
-17.321346,-66.156294
-17.344880,-66.162289
-17.342829,-66.170406
-17.320238,-66.143067
-17.351937,-66.126560
-17.334511,-66.168530
-17.321987,-66.132634
-17.349596,-66.140103
-17.307920,-66.140917
-17.342798,-66.162206
-17.320264,-66.126930
-17.314473,-66.125581
-17.347300,-66.127167
-17.307061,-66.136849
-17.332475,-66.171785
-17.346661,-66.124644
-17.329681,-66.128371
-17.323329,-66.136518
-17.329737,-66.172201
-17.293478,-66.130469
-17.315185,-66.143982
-17.298472,-66.128037
-17.332439,-66.167126
-17.347965,-66.130822
-17.343519,-66.142712
-17.295465,-66.156302
-17.313128,-66.124061
-17.324746,-66.163982
-17.333287,-66.159174
-17.330190,-66.170201
-17.345608,-66.122575
-17.343426,-66.166949
-17.298915,-66.136670
-17.329671,-66.180898
-17.333548,-66.182446
-17.340837,-66.121498
-17.332094,-66.141210
-17.317067,-66.159147
-17.347233,-66.154589
-17.334864,-66.158110
-17.342745,-66.138083
-17.296382,-66.157499
-17.313096,-66.124486
-17.308198,-66.149367
-17.314122,-66.123814
-17.323361,-66.163794
-17.305177,-66.126673
-17.332074,-66.130235
-17.296416,-66.146914
-17.328143,-66.138936
-17.342124,-66.167920
-17.336898,-66.180255
-17.328022,-66.171392
-17.310595,-66.151100
-17.327001,-66.171747
-17.356110,-66.117769
-17.341820,-66.129088
-17.329713,-66.133573
-17.353850,-66.141962
-17.354237,-66.115287
-17.352282,-66.133620
-17.335883,-66.164210
-17.352901,-66.139002
-17.326724,-66.155205
-17.301363,-66.139153
-17.292034,-66.153466
-17.338508,-66.124443
-17.301165,-66.149959
-17.329848,-66.152086
-17.348033,-66.137879
-17.336610,-66.144887
-17.318607,-66.137308
-17.341198,-66.149358
-17.349244,-66.149908
-17.333434,-66.183552
-17.294089,-66.150875
-17.339899,-66.145176
-17.310393,-66.140333
-17.307382,-66.148662
-17.354393,-66.127569
-17.359959,-66.107745
-17.343619,-66.157045
-17.344536,-66.157666
-17.327594,-66.161645
-17.293560,-66.152244
-17.350881,-66.119520
-17.328484,-66.156530
-17.312107,-66.155153
-17.299407,-66.128265
-17.320197,-66.164943
-17.331248,-66.137465
-17.333333,-66.135921
-17.292545,-66.138185
-17.330339,-66.137434
-17.321568,-66.159268
-17.320394,-66.164738
-17.332433,-66.174959
-17.316829,-66.164961
-17.309845,-66.130579
-17.340090,-66.125926
-17.315883,-66.142766
-17.295961,-66.133743
-17.349784,-66.132755
-17.333570,-66.133667
-17.336638,-66.173902
-17.311666,-66.157359
-17.359724,-66.121351
-17.343672,-66.162165
-17.316389,-66.147894
-17.311779,-66.127858
-17.360946,-66.112485
-17.340784,-66.136997
-17.341555,-66.122244
-17.345292,-66.144843
-17.341639,-66.136735
-17.358508,-66.124490
-17.314953,-66.124267
-17.339040,-66.166072
-17.318558,-66.167139
-17.306313,-66.138541
-17.325590,-66.147582
-17.349505,-66.119456
-17.342386,-66.148433
-17.350204,-66.120049
-17.320578,-66.156555
-17.291267,-66.132697
-17.313772,-66.128762
-17.334978,-66.140315
-17.344300,-66.158437
-17.317753,-66.162524
-17.305598,-66.129495
-17.303719,-66.134497
-17.293518,-66.130476
-17.326547,-66.172182
-17.290501,-66.141820
-17.322069,-66.119419
-17.301111,-66.142297
-17.321403,-66.130129
-17.357646,-66.124994
-17.338124,-66.139152
-17.340705,-66.173414
-17.293513,-66.151372
-17.319533,-66.158342
-17.344798,-66.163257
-17.322226,-66.151369
-17.321258,-66.133142
-17.333281,-66.140339
-17.299125,-66.154992
-17.338810,-66.151296
-17.331041,-66.119149
-17.341482,-66.157871
-17.339618,-66.142355
-17.350738,-66.143123
-17.330810,-66.169753
-17.331515,-66.125750
-17.313942,-66.134025
-17.316553,-66.127926
-17.340493,-66.157779
-17.360071,-66.108697
-17.334925,-66.157204
-17.346490,-66.152007
-17.312684,-66.160937
-17.323800,-66.155313
-17.346920,-66.147029
-17.343188,-66.156168
-17.334997,-66.156372
-17.326921,-66.126923
-17.359920,-66.119853
-17.295258,-66.153260
-17.336618,-66.156400
-17.333520,-66.151431
-17.306013,-66.134278
-17.359335,-66.120442
-17.362774,-66.115773
-17.305719,-66.130576
-17.341779,-66.151429
-17.305876,-66.148972
-17.355272,-66.135360
-17.331250,-66.120725
